mtb_id	pval	padj	comparison
1	0.4171142578125	0.994045273247147	pre_vs_post
2	0.0182342529296875	0.349980015908518	pre_vs_post
3	0.154045104980469	0.86556300410518	pre_vs_post
4	0.303794860839844	0.922234398978097	pre_vs_post
5	0.00104522705078125	0.0691011216905382	pre_vs_post
6	0.00157928466796875	0.0783061981201172	pre_vs_post
7	0.0897674560546875	0.731666251404645	pre_vs_post
8	0.812896878972329	1	pre_vs_post
11	0.812896878972329	1	pre_vs_post
13	0.155028820861427	0.86556300410518	pre_vs_post
14	0.609458923339844	1	pre_vs_post
15	0.609458923339844	1	pre_vs_post
18	7.62939453125e-05	0.0226974487304688	pre_vs_post
19	0.966117858886719	1	pre_vs_post
20	0.00019073486328125	0.0283718109130859	pre_vs_post
22	0.701881408691406	1	pre_vs_post
23	1	1	pre_vs_post
24	0.962243757251052	1	pre_vs_post
25	0.966117858886719	1	pre_vs_post
26	0.766029357910156	1	pre_vs_post
27	0.726286148878805	1	pre_vs_post
28	0.170598771596629	0.86556300410518	pre_vs_post
29	0.812896878972329	1	pre_vs_post
30	0.2645263671875	0.917495022649351	pre_vs_post
31	1	1	pre_vs_post
32	1	1	pre_vs_post
33	0.635941334000006	1	pre_vs_post
34	0.181465148925781	0.86556300410518	pre_vs_post
35	0.966117858886719	1	pre_vs_post
36	0.442298889160156	1	pre_vs_post
37	0.118705749511719	0.811838171947962	pre_vs_post
38	0.932281494140625	1	pre_vs_post
39	0.701881408691406	1	pre_vs_post
40	0.0268478393554688	0.431742281527133	pre_vs_post
41	0.196388244628906	0.86556300410518	pre_vs_post
42	0.898574829101563	1	pre_vs_post
43	0.579841613769531	1	pre_vs_post
44	0.196388244628906	0.86556300410518	pre_vs_post
45	0.733726501464844	1	pre_vs_post
46	0.966117858886719	1	pre_vs_post
47	0.898574829101563	1	pre_vs_post
48	0.733726501464844	1	pre_vs_post
52	0.141517639160156	0.86556300410518	pre_vs_post
53	0.865043640136719	1	pre_vs_post
54	0.924572011837841	1	pre_vs_post
55	0.887068694211825	1	pre_vs_post
56	0.865043640136719	1	pre_vs_post
57	0.276252475989205	0.917495022649351	pre_vs_post
58	0.246208190917969	0.882493214434888	pre_vs_post
59	0.283729553222656	0.917495022649351	pre_vs_post
60	1	1	pre_vs_post
61	0.522613525390625	1	pre_vs_post
62	0.522613525390625	1	pre_vs_post
63	0.276252475989205	0.917495022649351	pre_vs_post
64	0.865043640136719	1	pre_vs_post
65	0.609458923339844	1	pre_vs_post
66	0.246208190917969	0.882493214434888	pre_vs_post
67	0.283729553222656	0.917495022649351	pre_vs_post
68	0.276252475989205	0.917495022649351	pre_vs_post
69	0.966117858886719	1	pre_vs_post
70	0.0987396240234375	0.734375953674317	pre_vs_post
71	0.733726501464844	1	pre_vs_post
72	0.00896453857421875	0.242450020530007	pre_vs_post
74	0.495079040527344	1	pre_vs_post
75	0.392738342285156	0.98957388458438	pre_vs_post
77	0.00067138671875	0.0663351649187724	pre_vs_post
78	0.246208190917969	0.882493214434888	pre_vs_post
79	0.4171142578125	0.994045273247147	pre_vs_post
80	0.324729919433594	0.942508790551162	pre_vs_post
81	0.442298889160156	1	pre_vs_post
83	0.865043640136719	1	pre_vs_post
84	0.2645263671875	0.917495022649351	pre_vs_post
85	0.522613525390625	1	pre_vs_post
86	0.346549987792969	0.950217708464592	pre_vs_post
87	0.932281494140625	1	pre_vs_post
92	0.865043640136719	1	pre_vs_post
93	0.369216918945313	0.968423486254408	pre_vs_post
94	0.167350769042969	0.86556300410518	pre_vs_post
95	0.0538558959960938	0.552487208925445	pre_vs_post
97	1	1	pre_vs_post
98	0.0431671142578125	0.513688659667969	pre_vs_post
100	0.228752136230469	0.878113039078251	pre_vs_post
101	0.898574829101563	1	pre_vs_post
102	0.522613525390625	1	pre_vs_post
103	0.246208190917969	0.882493214434888	pre_vs_post
104	0.495079040527344	1	pre_vs_post
105	0.0665359497070313	0.638530485091671	pre_vs_post
106	0.196388244628906	0.86556300410518	pre_vs_post
107	0.609458923339844	1	pre_vs_post
108	0.324729919433594	0.942508790551162	pre_vs_post
109	0.639694213867188	1	pre_vs_post
110	0.766029357910156	1	pre_vs_post
111	0.108383178710938	0.796148041148245	pre_vs_post
112	0.701881408691406	1	pre_vs_post
113	0.639694213867188	1	pre_vs_post
114	0.0599365234375	0.594370524088542	pre_vs_post
115	0.887068694211825	1	pre_vs_post
116	0.00128936767578125	0.0767173767089844	pre_vs_post
117	0.579841613769531	1	pre_vs_post
118	0.228752136230469	0.878113039078251	pre_vs_post
120	0.865043640136719	1	pre_vs_post
121	0.7987060546875	1	pre_vs_post
122	0.00014495849609375	0.0283718109130859	pre_vs_post
124	0.118705749511719	0.811838171947962	pre_vs_post
125	0.609458923339844	1	pre_vs_post
126	0.196388244628906	0.86556300410518	pre_vs_post
129	0.0665359497070313	0.638530485091671	pre_vs_post
130	3.814697265625e-05	0.0226974487304688	pre_vs_post
132	0.670524597167969	1	pre_vs_post
133	0.609458923339844	1	pre_vs_post
134	0.196388244628906	0.86556300410518	pre_vs_post
135	0.966117858886719	1	pre_vs_post
137	0.579841613769531	1	pre_vs_post
138	0.185143724157873	0.86556300410518	pre_vs_post
140	0.7987060546875	1	pre_vs_post
141	0.865043640136719	1	pre_vs_post
144	0.550872802734375	1	pre_vs_post
147	0.209286554781767	0.870517599171606	pre_vs_post
165	0.276252475989205	0.917495022649351	pre_vs_post
167	0.865043640136719	1	pre_vs_post
170	0.58716968573231	1	pre_vs_post
171	0.639694213867188	1	pre_vs_post
172	0.701881408691406	1	pre_vs_post
173	0.303794860839844	0.922234398978097	pre_vs_post
174	0.932281494140625	1	pre_vs_post
175	0.00871925545288926	0.242450020530007	pre_vs_post
176	0.865043640136719	1	pre_vs_post
177	1	1	pre_vs_post
178	0.297672151508384	0.922234398978097	pre_vs_post
179	0.569996072896326	1	pre_vs_post
180	0.670524597167969	1	pre_vs_post
181	0.766029357910156	1	pre_vs_post
182	0.401678166469773	0.994045273247147	pre_vs_post
183	0.185016310523015	0.86556300410518	pre_vs_post
184	0.181465148925781	0.86556300410518	pre_vs_post
185	0.346549987792969	0.950217708464592	pre_vs_post
186	0.181465148925781	0.86556300410518	pre_vs_post
187	0.369216918945313	0.968423486254408	pre_vs_post
188	0.83172607421875	1	pre_vs_post
189	0.733726501464844	1	pre_vs_post
190	0.289131058506326	0.922234398978097	pre_vs_post
191	0.812896878972329	1	pre_vs_post
192	0.579841613769531	1	pre_vs_post
193	0.887068694211825	1	pre_vs_post
194	0.576103543277185	1	pre_vs_post
197	1	1	pre_vs_post
198	0.0814285278320313	0.692142486572266	pre_vs_post
200	0.766029357910156	1	pre_vs_post
201	0.141517639160156	0.86556300410518	pre_vs_post
204	0.196388244628906	0.86556300410518	pre_vs_post
206	0.579841613769531	1	pre_vs_post
207	0.898574829101563	1	pre_vs_post
208	0.966117858886719	1	pre_vs_post
209	0.522613525390625	1	pre_vs_post
210	1	1	pre_vs_post
211	0.0987396240234375	0.734375953674317	pre_vs_post
213	0.766029357910156	1	pre_vs_post
214	0.324729919433594	0.942508790551162	pre_vs_post
215	0.83172607421875	1	pre_vs_post
216	0.550872802734375	1	pre_vs_post
217	0.966117858886719	1	pre_vs_post
218	0.740367478785491	1	pre_vs_post
219	0.234811289315166	0.882493214434888	pre_vs_post
220	0.507501253286605	1	pre_vs_post
222	0.477659735127587	1	pre_vs_post
224	0.030364990234375	0.440662663157393	pre_vs_post
225	1	1	pre_vs_post
229	0.898574829101563	1	pre_vs_post
230	0.0987396240234375	0.734375953674317	pre_vs_post
231	0.766029357910156	1	pre_vs_post
234	0.495079040527344	1	pre_vs_post
235	0.670524597167969	1	pre_vs_post
237	0.701881408691406	1	pre_vs_post
239	0.167350769042969	0.86556300410518	pre_vs_post
240	0.495079040527344	1	pre_vs_post
243	0.733726501464844	1	pre_vs_post
245	0.569996072896326	1	pre_vs_post
246	0.142245169384134	0.86556300410518	pre_vs_post
247	0.924572011837841	1	pre_vs_post
248	0.569996072896326	1	pre_vs_post
250	0.799846105662473	1	pre_vs_post
251	0.898574829101563	1	pre_vs_post
254	0.550872802734375	1	pre_vs_post
255	0.538293635901243	1	pre_vs_post
256	0.303794860839844	0.922234398978097	pre_vs_post
257	0.303794860839844	0.922234398978097	pre_vs_post
265	0.04827880859375	0.522288929332386	pre_vs_post
266	0.7987060546875	1	pre_vs_post
267	0.196388244628906	0.86556300410518	pre_vs_post
268	0.303794860839844	0.922234398978097	pre_vs_post
269	0.799846105662473	1	pre_vs_post
273	0.766029357910156	1	pre_vs_post
274	0.0431671142578125	0.513688659667969	pre_vs_post
275	0.29338289215179	0.922234398978097	pre_vs_post
276	0.154045104980469	0.86556300410518	pre_vs_post
278	0.7987060546875	1	pre_vs_post
279	0.118705749511719	0.811838171947962	pre_vs_post
280	0.346549987792969	0.950217708464592	pre_vs_post
281	0.181465148925781	0.86556300410518	pre_vs_post
282	0.550872802734375	1	pre_vs_post
283	0.118705749511719	0.811838171947962	pre_vs_post
284	0.849816607389808	1	pre_vs_post
285	0.442298889160156	1	pre_vs_post
287	0.00896453857421875	0.242450020530007	pre_vs_post
288	0.212142944335938	0.870517599171606	pre_vs_post
291	0.0814285278320313	0.692142486572266	pre_vs_post
292	0.297672151508384	0.922234398978097	pre_vs_post
293	0.266250586794457	0.917495022649351	pre_vs_post
295	0.623261445221332	1	pre_vs_post
296	0.609458923339844	1	pre_vs_post
297	0.766029357910156	1	pre_vs_post
298	1	1	pre_vs_post
299	0.168166829372509	0.86556300410518	pre_vs_post
300	0.838463781922464	1	pre_vs_post
301	0.58716968573231	1	pre_vs_post
303	0.842429645612509	1	pre_vs_post
304	0.701881408691406	1	pre_vs_post
306	0.392738342285156	0.98957388458438	pre_vs_post
307	0.924572011837841	1	pre_vs_post
308	0.550872802734375	1	pre_vs_post
312	0.898574829101563	1	pre_vs_post
313	0.932281494140625	1	pre_vs_post
314	0.83172607421875	1	pre_vs_post
315	0.966117858886719	1	pre_vs_post
316	0.701881408691406	1	pre_vs_post
317	0.550872802734375	1	pre_vs_post
318	0.609458923339844	1	pre_vs_post
320	0.639694213867188	1	pre_vs_post
321	0.212142944335938	0.870517599171606	pre_vs_post
324	0.670076541385612	1	pre_vs_post
325	0.783652311534409	1	pre_vs_post
331	0.218401125676539	0.878113039078251	pre_vs_post
332	0.639694213867188	1	pre_vs_post
333	0.698152376218751	1	pre_vs_post
334	0.0028076171875	0.11932373046875	pre_vs_post
335	0.0008392333984375	0.0663351649187724	pre_vs_post
336	0.00336456298828125	0.133460998535156	pre_vs_post
337	0.224306571197272	0.878113039078251	pre_vs_post
338	1	1	pre_vs_post
339	0.369216918945313	0.968423486254408	pre_vs_post
340	0.701881408691406	1	pre_vs_post
341	0.609458923339844	1	pre_vs_post
342	0.966117858886719	1	pre_vs_post
344	0.670524597167969	1	pre_vs_post
345	0.579841613769531	1	pre_vs_post
346	0.842429645612509	1	pre_vs_post
347	0.167350769042969	0.86556300410518	pre_vs_post
350	0.141517639160156	0.86556300410518	pre_vs_post
352	0.0203643000443132	0.375100590043911	pre_vs_post
354	0.704907047930654	1	pre_vs_post
356	0.722282962716192	1	pre_vs_post
357	0.569996072896326	1	pre_vs_post
358	0.196388244628906	0.86556300410518	pre_vs_post
360	0.740367478785491	1	pre_vs_post
361	0.635941334000006	1	pre_vs_post
362	0.704907047930654	1	pre_vs_post
364	0.865043640136719	1	pre_vs_post
366	0.932281494140625	1	pre_vs_post
367	0.949944493522	1	pre_vs_post
368	0.900085797418725	1	pre_vs_post
371	0.670524597167969	1	pre_vs_post
372	0.733726501464844	1	pre_vs_post
375	0.167350769042969	0.86556300410518	pre_vs_post
376	0.865043640136719	1	pre_vs_post
377	0.164071891814218	0.86556300410518	pre_vs_post
378	0.842429645612509	1	pre_vs_post
379	0.670524597167969	1	pre_vs_post
380	0.932281494140625	1	pre_vs_post
381	0.733726501464844	1	pre_vs_post
382	0.0157854879847244	0.335441619675394	pre_vs_post
383	0.579841613769531	1	pre_vs_post
384	0.196388244628906	0.86556300410518	pre_vs_post
386	0.530158014945287	1	pre_vs_post
387	0.0736846923828125	0.654364059220499	pre_vs_post
388	0.83172607421875	1	pre_vs_post
389	1	1	pre_vs_post
392	0.0120315551757813	0.275337512676532	pre_vs_post
395	0.504903176723131	1	pre_vs_post
396	1	1	pre_vs_post
397	0.228752136230469	0.878113039078251	pre_vs_post
398	0.670128703919811	1	pre_vs_post
399	0.507501253286605	1	pre_vs_post
400	0.369216918945313	0.968423486254408	pre_vs_post
401	0.246208190917969	0.882493214434888	pre_vs_post
402	0.346549987792969	0.950217708464592	pre_vs_post
403	0.924572011837841	1	pre_vs_post
404	0.324729919433594	0.942508790551162	pre_vs_post
405	0.962243757251052	1	pre_vs_post
406	0.379471360411207	0.985962704998551	pre_vs_post
407	0.228752136230469	0.878113039078251	pre_vs_post
408	0.635941334000006	1	pre_vs_post
409	0.118705749511719	0.811838171947962	pre_vs_post
410	0.865043640136719	1	pre_vs_post
411	0.320174066831492	0.942508790551162	pre_vs_post
413	0.932281494140625	1	pre_vs_post
419	0.0897674560546875	0.731666251404645	pre_vs_post
420	0.477659735127587	1	pre_vs_post
421	0.932281494140625	1	pre_vs_post
422	0.141517639160156	0.86556300410518	pre_vs_post
423	0.639694213867188	1	pre_vs_post
424	0.246208190917969	0.882493214434888	pre_vs_post
427	0.244648067126581	0.882493214434888	pre_vs_post
428	0.212142944335938	0.870517599171606	pre_vs_post
429	0.733726501464844	1	pre_vs_post
430	1	1	pre_vs_post
431	0.0736846923828125	0.654364059220499	pre_vs_post
432	0.704907047930654	1	pre_vs_post
433	0.030364990234375	0.440662663157393	pre_vs_post
434	0.932281494140625	1	pre_vs_post
435	0.898574829101563	1	pre_vs_post
436	0.442298889160156	1	pre_vs_post
437	0.118705749511719	0.811838171947962	pre_vs_post
438	0.196388244628906	0.86556300410518	pre_vs_post
439	0.670524597167969	1	pre_vs_post
440	1	1	pre_vs_post
441	0.030364990234375	0.440662663157393	pre_vs_post
442	0.468292236328125	1	pre_vs_post
443	0.283729553222656	0.917495022649351	pre_vs_post
444	0.83172607421875	1	pre_vs_post
445	1	1	pre_vs_post
446	0.639694213867188	1	pre_vs_post
447	0.522613525390625	1	pre_vs_post
448	0.865043640136719	1	pre_vs_post
452	0.228752136230469	0.878113039078251	pre_vs_post
454	0.698152376218751	1	pre_vs_post
456	0.030364990234375	0.440662663157393	pre_vs_post
457	0.7987060546875	1	pre_vs_post
458	0.167350769042969	0.86556300410518	pre_vs_post
459	0.04827880859375	0.522288929332386	pre_vs_post
460	0.283729553222656	0.917495022649351	pre_vs_post
461	0.766029357910156	1	pre_vs_post
462	0.346549987792969	0.950217708464592	pre_vs_post
463	0.140562405360306	0.86556300410518	pre_vs_post
464	0.4171142578125	0.994045273247147	pre_vs_post
465	0.201242620957724	0.870517599171606	pre_vs_post
466	0.522613525390625	1	pre_vs_post
467	0.2645263671875	0.917495022649351	pre_vs_post
468	0.4171142578125	0.994045273247147	pre_vs_post
469	0.898574829101563	1	pre_vs_post
470	0.7987060546875	1	pre_vs_post
471	0.7987060546875	1	pre_vs_post
472	0.0431671142578125	0.513688659667969	pre_vs_post
473	0.609458923339844	1	pre_vs_post
474	0.550872802734375	1	pre_vs_post
475	0.7987060546875	1	pre_vs_post
476	0.966117858886719	1	pre_vs_post
477	1	1	pre_vs_post
478	0.246208190917969	0.882493214434888	pre_vs_post
479	0.442298889160156	1	pre_vs_post
480	0.522613525390625	1	pre_vs_post
481	0.609458923339844	1	pre_vs_post
482	0.609458923339844	1	pre_vs_post
483	0.4171142578125	0.994045273247147	pre_vs_post
484	1	1	pre_vs_post
485	0.276252475989205	0.917495022649351	pre_vs_post
486	0.129737854003906	0.86556300410518	pre_vs_post
490	0.324729919433594	0.942508790551162	pre_vs_post
501	0.733726501464844	1	pre_vs_post
502	0.701881408691406	1	pre_vs_post
503	0.477659735127587	1	pre_vs_post
505	0.4171142578125	0.994045273247147	pre_vs_post
506	0.346549987792969	0.950217708464592	pre_vs_post
508	0.369216918945313	0.968423486254408	pre_vs_post
509	0.129737854003906	0.86556300410518	pre_vs_post
510	0.0987396240234375	0.734375953674317	pre_vs_post
514	0.0005340576171875	0.0635528564453125	pre_vs_post
515	0.550872802734375	1	pre_vs_post
516	0.326799567668966	0.943911372636091	pre_vs_post
518	0.733726501464844	1	pre_vs_post
520	0.7987060546875	1	pre_vs_post
521	0.04827880859375	0.522288929332386	pre_vs_post
522	0.422678074170635	0.994045273247147	pre_vs_post
524	0.766029357910156	1	pre_vs_post
525	0.212142944335938	0.870517599171606	pre_vs_post
526	0.0114900673429755	0.275337512676532	pre_vs_post
527	0.0114900673429755	0.275337512676532	pre_vs_post
528	0.0414910873877316	0.513688659667969	pre_vs_post
529	0.893903721815722	1	pre_vs_post
530	0.155028820861427	0.86556300410518	pre_vs_post
531	0.371093369522698	0.968423486254408	pre_vs_post
532	0.0028076171875	0.11932373046875	pre_vs_post
533	0.898574829101563	1	pre_vs_post
534	0.0527870006322246	0.552487208925445	pre_vs_post
535	0.468292236328125	1	pre_vs_post
536	1	1	pre_vs_post
538	1	1	pre_vs_post
540	0.232966059706807	0.882493214434888	pre_vs_post
541	0.350528908982333	0.956718811213249	pre_vs_post
542	0.29450739368011	0.922234398978097	pre_vs_post
545	0.779828432640187	1	pre_vs_post
546	0.660281507172254	1	pre_vs_post
547	0.0120315551757813	0.275337512676532	pre_vs_post
548	0.60256241453254	1	pre_vs_post
551	0.704907047930654	1	pre_vs_post
552	0.392738342285156	0.98957388458438	pre_vs_post
553	0.623261445221332	1	pre_vs_post
554	0.346549987792969	0.950217708464592	pre_vs_post
555	0.392738342285156	0.98957388458438	pre_vs_post
556	0.623261445221332	1	pre_vs_post
557	0.849816607389808	1	pre_vs_post
558	0.924572011837841	1	pre_vs_post
559	0.04827880859375	0.522288929332386	pre_vs_post
560	0.228752136230469	0.878113039078251	pre_vs_post
561	0.442298889160156	1	pre_vs_post
564	0.224015384088612	0.878113039078251	pre_vs_post
565	0.468292236328125	1	pre_vs_post
566	0.141517639160156	0.86556300410518	pre_vs_post
567	0.4171142578125	0.994045273247147	pre_vs_post
569	0.609458923339844	1	pre_vs_post
570	0.898574829101563	1	pre_vs_post
571	0.0182342529296875	0.349980015908518	pre_vs_post
572	0.579841613769531	1	pre_vs_post
573	0.0182342529296875	0.349980015908518	pre_vs_post
574	0.154045104980469	0.86556300410518	pre_vs_post
575	0.324729919433594	0.942508790551162	pre_vs_post
576	0.346549987792969	0.950217708464592	pre_vs_post
577	0.468292236328125	1	pre_vs_post
578	0.303794860839844	0.922234398978097	pre_vs_post
579	0.550872802734375	1	pre_vs_post
580	0.766029357910156	1	pre_vs_post
581	0.932281494140625	1	pre_vs_post
582	0.924572011837841	1	pre_vs_post
583	0.394166404447896	0.98957388458438	pre_vs_post
584	0.932281494140625	1	pre_vs_post
586	0.766029357910156	1	pre_vs_post
587	0.898574829101563	1	pre_vs_post
589	0.766029357910156	1	pre_vs_post
590	0.246208190917969	0.882493214434888	pre_vs_post
594	NA	NA	pre_vs_post
595	0.552076886516813	1	pre_vs_post
596	0.865043640136719	1	pre_vs_post
597	0.58716968573231	1	pre_vs_post
598	0.44204635960573	1	pre_vs_post
600	0.932646638965876	1	pre_vs_post
601	0.324729919433594	0.942508790551162	pre_vs_post
602	0.932106941814807	1	pre_vs_post
603	0.932281494140625	1	pre_vs_post
604	0.72408166091539	1	pre_vs_post
605	0.579841613769531	1	pre_vs_post
606	0.776388431769708	1	pre_vs_post
607	0.674986713970489	1	pre_vs_post
608	0.4171142578125	0.994045273247147	pre_vs_post
609	0.962243757251052	1	pre_vs_post
610	0.324729919433594	0.942508790551162	pre_vs_post
611	0.18144920772142	0.86556300410518	pre_vs_post
612	1	1	pre_vs_post
613	0.212142944335938	0.870517599171606	pre_vs_post
614	0.369216918945313	0.968423486254408	pre_vs_post
615	0.7987060546875	1	pre_vs_post
616	0.865043640136719	1	pre_vs_post
617	0.7987060546875	1	pre_vs_post
618	0.448804440990439	1	pre_vs_post
619	0.4171142578125	0.994045273247147	pre_vs_post
620	0.849816607389808	1	pre_vs_post
621	0.766029357910156	1	pre_vs_post
622	0.83172607421875	1	pre_vs_post
623	0.362726506485098	0.968423486254408	pre_vs_post
624	1	1	pre_vs_post
625	0.522613525390625	1	pre_vs_post
626	0.755657737671463	1	pre_vs_post
628	0.670524597167969	1	pre_vs_post
630	0.0268478393554688	0.431742281527133	pre_vs_post
631	0.538293635901243	1	pre_vs_post
633	0.000891901377059125	0.0663351649187724	pre_vs_post
634	0.0076904296875	0.242450020530007	pre_vs_post
635	0.283729553222656	0.917495022649351	pre_vs_post
636	0.0814285278320313	0.692142486572266	pre_vs_post
637	0.167350769042969	0.86556300410518	pre_vs_post
638	0.787406490666269	1	pre_vs_post
639	0.0384902954101563	0.497863603674847	pre_vs_post
640	0.153576396549984	0.86556300410518	pre_vs_post
641	0.522613525390625	1	pre_vs_post
642	0.72408166091539	1	pre_vs_post
645	0.966117858886719	1	pre_vs_post
646	0.787406490666269	1	pre_vs_post
648	0.711997145588538	1	pre_vs_post
649	0.0065765380859375	0.230178833007813	pre_vs_post
651	0.639694213867188	1	pre_vs_post
652	0.865043640136719	1	pre_vs_post
653	0.550872802734375	1	pre_vs_post
654	0.346549987792969	0.950217708464592	pre_vs_post
656	0.932281494140625	1	pre_vs_post
657	0.932281494140625	1	pre_vs_post
659	0.453388932626267	1	pre_vs_post
661	0.766029357910156	1	pre_vs_post
662	0.842429645612509	1	pre_vs_post
663	0.303794860839844	0.922234398978097	pre_vs_post
664	0.00157928466796875	0.0783061981201172	pre_vs_post
665	0.701881408691406	1	pre_vs_post
666	0.181465148925781	0.86556300410518	pre_vs_post
667	0.196388244628906	0.86556300410518	pre_vs_post
668	0.196388244628906	0.86556300410518	pre_vs_post
669	0.0538558959960938	0.552487208925445	pre_vs_post
670	0.639694213867188	1	pre_vs_post
671	0.966117858886719	1	pre_vs_post
672	0.0987396240234375	0.734375953674317	pre_vs_post
673	0.733726501464844	1	pre_vs_post
674	0.83172607421875	1	pre_vs_post
675	0.932281494140625	1	pre_vs_post
677	0.0987396240234375	0.734375953674317	pre_vs_post
678	0.346549987792969	0.950217708464592	pre_vs_post
679	0.522613525390625	1	pre_vs_post
680	0.00896453857421875	0.242450020530007	pre_vs_post
681	0.609458923339844	1	pre_vs_post
682	0.7987060546875	1	pre_vs_post
683	0.495079040527344	1	pre_vs_post
684	0.442298889160156	1	pre_vs_post
685	1	1	pre_vs_post
687	0.181465148925781	0.86556300410518	pre_vs_post
688	0.2645263671875	0.917495022649351	pre_vs_post
689	0.276252475989205	0.917495022649351	pre_vs_post
690	0.343759999660369	0.950217708464592	pre_vs_post
691	0.41849223344682	0.994045273247147	pre_vs_post
692	0.169812945433066	0.86556300410518	pre_vs_post
693	0.938175553294234	1	pre_vs_post
696	0.036241709702006	0.497863603674847	pre_vs_post
697	0.766029357910156	1	pre_vs_post
698	0.0065765380859375	0.230178833007813	pre_vs_post
699	0.04827880859375	0.522288929332386	pre_vs_post
700	0.60256241453254	1	pre_vs_post
701	0.0342330932617188	0.484968821207682	pre_vs_post
702	0.0987396240234375	0.734375953674317	pre_vs_post
703	0.0384902954101563	0.497863603674847	pre_vs_post
706	0.02081298828125	0.375100590043911	pre_vs_post
707	0.579841613769531	1	pre_vs_post
709	0.766029357910156	1	pre_vs_post
711	0.0268478393554688	0.431742281527133	pre_vs_post
712	0.212142944335938	0.870517599171606	pre_vs_post
713	0.609458923339844	1	pre_vs_post
715	0.392738342285156	0.98957388458438	pre_vs_post
717	0.2645263671875	0.917495022649351	pre_vs_post
718	0.401678166469773	0.994045273247147	pre_vs_post
719	0.962243757251052	1	pre_vs_post
720	0.88708754228948	1	pre_vs_post
721	0.468292236328125	1	pre_vs_post
722	0.733726501464844	1	pre_vs_post
723	0.629260787503937	1	pre_vs_post
724	0.670524597167969	1	pre_vs_post
726	0.495079040527344	1	pre_vs_post
728	0.726286148878805	1	pre_vs_post
730	0.83172607421875	1	pre_vs_post
731	0.733726501464844	1	pre_vs_post
732	0.529368106184798	1	pre_vs_post
733	0.733726501464844	1	pre_vs_post
734	0.766029357910156	1	pre_vs_post
735	0.212142944335938	0.870517599171606	pre_vs_post
736	0.422678074170635	0.994045273247147	pre_vs_post
737	0.495079040527344	1	pre_vs_post
738	0.0214343194310806	0.375100590043911	pre_vs_post
739	0.495079040527344	1	pre_vs_post
740	0.224306571197272	0.878113039078251	pre_vs_post
741	0.0897674560546875	0.731666251404645	pre_vs_post
742	0.495079040527344	1	pre_vs_post
743	0.799846105662473	1	pre_vs_post
744	0.44204635960573	1	pre_vs_post
745	0.401678166469773	0.994045273247147	pre_vs_post
746	0.583882420770365	1	pre_vs_post
747	1	1	pre_vs_post
749	0.204893893816379	0.870517599171606	pre_vs_post
750	0.0138325945072521	0.30482939747463	pre_vs_post
752	0.932281494140625	1	pre_vs_post
753	1	1	pre_vs_post
754	1	1	pre_vs_post
755	0.538293635901243	1	pre_vs_post
756	0.394166404447896	0.98957388458438	pre_vs_post
757	0.0599365234375	0.594370524088542	pre_vs_post
758	0.392738342285156	0.98957388458438	pre_vs_post
759	0.495079040527344	1	pre_vs_post
760	0.766029357910156	1	pre_vs_post
761	0.966117858886719	1	pre_vs_post
763	1	1	pre_vs_post
764	0.7987060546875	1	pre_vs_post
766	0.550872802734375	1	pre_vs_post
767	0.369216918945313	0.968423486254408	pre_vs_post
768	0.0736846923828125	0.654364059220499	pre_vs_post
770	0.932106941814807	1	pre_vs_post
771	0.83172607421875	1	pre_vs_post
772	0.0736846923828125	0.654364059220499	pre_vs_post
773	0.932281494140625	1	pre_vs_post
774	0.701881408691406	1	pre_vs_post
775	0.0736846923828125	0.654364059220499	pre_vs_post
776	0.0384902954101563	0.497863603674847	pre_vs_post
777	1	1	pre_vs_post
778	0.132298661876269	0.86556300410518	pre_vs_post
779	0.609458923339844	1	pre_vs_post
780	1	1	pre_vs_post
781	0.18144920772142	0.86556300410518	pre_vs_post
782	0.371093369522698	0.968423486254408	pre_vs_post
783	0.966117858886719	1	pre_vs_post
784	1	1	pre_vs_post
785	0.280712665268496	0.917495022649351	pre_vs_post
787	0.422678074170635	0.994045273247147	pre_vs_post
788	0.740367478785491	1	pre_vs_post
790	0.944284670241126	1	pre_vs_post
791	1	1	pre_vs_post
