mtb_id	pval	padj	comparison
1	0.828784942626953	1	pre_vs_post
2	0.631900275866177	0.930759081473717	pre_vs_post
3	0.622562408447266	0.928382538912589	pre_vs_post
4	0.465316772460938	0.878931681315104	pre_vs_post
5	7.62939453125e-06	0.000378290812174479	pre_vs_post
6	1.1444091796875e-05	0.000400543212890625	pre_vs_post
7	0.921714782714844	1	pre_vs_post
8	0.169812945433066	0.68527120724821	pre_vs_post
11	0.698152376218751	0.96604805546548	pre_vs_post
13	0.924572011837841	1	pre_vs_post
14	0.257926940917969	0.765170154621657	pre_vs_post
15	0.465316772460938	0.878931681315104	pre_vs_post
18	7.62939453125e-06	0.000378290812174479	pre_vs_post
19	0.0662879943847656	0.488823508635939	pre_vs_post
20	7.62939453125e-06	0.000378290812174479	pre_vs_post
22	0.407978222352498	0.857705280698579	pre_vs_post
23	0.842429645612509	1	pre_vs_post
24	0.208412803684149	0.714398956298828	pre_vs_post
25	0.594886779785156	0.926590664848607	pre_vs_post
26	0.37359619140625	0.838829184478184	pre_vs_post
27	1	1	pre_vs_post
28	0.650749206542969	0.930759081473717	pre_vs_post
29	0.594886779785156	0.926590664848607	pre_vs_post
30	0.241252899169922	0.739925128897441	pre_vs_post
31	0.921714782714844	1	pre_vs_post
32	0.601249670135047	0.928382538912589	pre_vs_post
33	0.594886779785156	0.926590664848607	pre_vs_post
34	0.293498992919922	0.804755303167528	pre_vs_post
35	0.133621215820312	0.636036987304687	pre_vs_post
36	0.465316772460938	0.878931681315104	pre_vs_post
37	0.225322723388672	0.739925128897441	pre_vs_post
38	0.123188018798828	0.607461826303957	pre_vs_post
39	0.113376617431641	0.607461826303957	pre_vs_post
40	0.012359619140625	0.216293334960938	pre_vs_post
41	0.332065582275391	0.819829964538828	pre_vs_post
42	0.76800537109375	0.974335172283116	pre_vs_post
43	0.489967346191406	0.897017141488882	pre_vs_post
44	0.418041229248047	0.857705280698579	pre_vs_post
45	0.168792724609375	0.68527120724821	pre_vs_post
46	0.181865692138672	0.68527120724821	pre_vs_post
47	0.293498992919922	0.804755303167528	pre_vs_post
48	0.0728340148925781	0.522123359772096	pre_vs_post
52	0.921714782714844	1	pre_vs_post
53	0.727537666179043	0.973755779393232	pre_vs_post
54	0.040130615234375	0.426387786865234	pre_vs_post
55	0.890567779541016	1	pre_vs_post
56	0.210117340087891	0.714398956298828	pre_vs_post
57	0.542057255832271	0.921497334914861	pre_vs_post
58	0.0728340148925781	0.522123359772096	pre_vs_post
59	0.921714782714844	1	pre_vs_post
60	0.828784942626953	1	pre_vs_post
61	0.798252105712891	0.993666158821469	pre_vs_post
62	0.622562408447266	0.928382538912589	pre_vs_post
63	0.225322723388672	0.739925128897441	pre_vs_post
64	0.0229873657226562	0.31085187738592	pre_vs_post
65	0.0289306640625	0.34427490234375	pre_vs_post
66	0.181865692138672	0.68527120724821	pre_vs_post
67	0.984321594238281	1	pre_vs_post
68	0.984321594238281	1	pre_vs_post
69	0.00714492797851562	0.157453042489511	pre_vs_post
70	0.418041229248047	0.857705280698579	pre_vs_post
71	0.144687652587891	0.652190555225719	pre_vs_post
72	7.62939453125e-06	0.000378290812174479	pre_vs_post
74	1	1	pre_vs_post
75	0.37359619140625	0.838829184478184	pre_vs_post
77	7.62939453125e-06	0.000378290812174479	pre_vs_post
78	0.210117340087891	0.714398956298828	pre_vs_post
79	0.679428100585938	0.942330349297512	pre_vs_post
80	0.168792724609375	0.68527120724821	pre_vs_post
81	0.0445594787597656	0.457118790725182	pre_vs_post
83	0.798252105712891	0.993666158821469	pre_vs_post
84	0.395462036132812	0.857705280698579	pre_vs_post
85	1	1	pre_vs_post
86	0.395462036132812	0.857705280698579	pre_vs_post
87	0.123188018798828	0.607461826303957	pre_vs_post
92	0.921714782714844	1	pre_vs_post
93	0.418041229248047	0.857705280698579	pre_vs_post
94	0.236629793401937	0.739925128897441	pre_vs_post
95	0.0798759460449219	0.551317524717703	pre_vs_post
97	0.798252105712891	0.993666158821469	pre_vs_post
98	0.921714782714844	1	pre_vs_post
100	0.257926940917969	0.765170154621657	pre_vs_post
101	0.76800537109375	0.974335172283116	pre_vs_post
102	0.679428100585938	0.942330349297512	pre_vs_post
103	0.123188018798828	0.607461826303957	pre_vs_post
104	0.181865692138672	0.68527120724821	pre_vs_post
105	0.040130615234375	0.426387786865234	pre_vs_post
106	0.465316772460938	0.878931681315104	pre_vs_post
107	0.395462036132812	0.857705280698579	pre_vs_post
108	0.952983856201172	1	pre_vs_post
109	0.984321594238281	1	pre_vs_post
110	0.650749206542969	0.930759081473717	pre_vs_post
111	0.312408447265625	0.818867956489193	pre_vs_post
112	0.352458953857422	0.838829184478184	pre_vs_post
113	0.679428100585938	0.942330349297512	pre_vs_post
114	0.679428100585938	0.942330349297512	pre_vs_post
115	0.37359619140625	0.838829184478184	pre_vs_post
116	7.62939453125e-06	0.000378290812174479	pre_vs_post
117	0.441333770751953	0.876725279884698	pre_vs_post
118	0.567760467529297	0.926590664848607	pre_vs_post
120	0.144687652587891	0.652190555225719	pre_vs_post
121	0.679428100585938	0.942330349297512	pre_vs_post
122	7.62939453125e-06	0.000378290812174479	pre_vs_post
124	0.76800537109375	0.974335172283116	pre_vs_post
125	0.0874290466308594	0.584497558936644	pre_vs_post
126	0.257926940917969	0.765170154621657	pre_vs_post
129	3.814697265625e-06	0.000378290812174479	pre_vs_post
130	1.9073486328125e-05	0.000630484686957465	pre_vs_post
132	0.567760467529297	0.926590664848607	pre_vs_post
133	0.210117340087891	0.714398956298828	pre_vs_post
134	0.123188018798828	0.607461826303957	pre_vs_post
135	0.567760467529297	0.926590664848607	pre_vs_post
137	0.168792724609375	0.68527120724821	pre_vs_post
138	0.563317799720071	0.926590664848607	pre_vs_post
140	0.515277862548828	0.917935114420817	pre_vs_post
141	0.441333770751953	0.876725279884698	pre_vs_post
144	0.332065582275391	0.819829964538828	pre_vs_post
147	0.131904094905011	0.636036987304687	pre_vs_post
165	0.631900275866177	0.930759081473717	pre_vs_post
167	0.241252899169922	0.739925128897441	pre_vs_post
170	0.241252899169922	0.739925128897441	pre_vs_post
171	0.312408447265625	0.818867956489193	pre_vs_post
172	0.37359619140625	0.838829184478184	pre_vs_post
173	0.181865692138672	0.68527120724821	pre_vs_post
174	0.952983856201172	1	pre_vs_post
175	0.615518503675301	0.928382538912589	pre_vs_post
176	0.113376617431641	0.607461826303957	pre_vs_post
177	0.225322723388672	0.739925128897441	pre_vs_post
178	0.236629793401937	0.739925128897441	pre_vs_post
179	0.206603442668125	0.714398956298828	pre_vs_post
180	0.275341033935547	0.787634207652165	pre_vs_post
181	0.0323410034179688	0.377311706542969	pre_vs_post
182	0.142213241936393	0.652190555225719	pre_vs_post
183	0.332065582275391	0.819829964538828	pre_vs_post
184	0.123188018798828	0.607461826303957	pre_vs_post
185	0.594886779785156	0.926590664848607	pre_vs_post
186	0.418041229248047	0.857705280698579	pre_vs_post
187	0.170598771596629	0.68527120724821	pre_vs_post
188	0.0662879943847656	0.488823508635939	pre_vs_post
189	0.622562408447266	0.928382538912589	pre_vs_post
190	0.168792724609375	0.68527120724821	pre_vs_post
191	0.0798759460449219	0.551317524717703	pre_vs_post
192	0.0500231465344333	0.463745115481156	pre_vs_post
193	0.368426844468365	0.838829184478184	pre_vs_post
194	0.44204635960573	0.876725279884698	pre_vs_post
197	0.293498992919922	0.804755303167528	pre_vs_post
198	0.984321594238281	1	pre_vs_post
200	0.541217803955078	0.921497334914861	pre_vs_post
201	0.890567779541016	1	pre_vs_post
204	0.890567779541016	1	pre_vs_post
206	0.76800537109375	0.974335172283116	pre_vs_post
207	0.952983856201172	1	pre_vs_post
208	0.952983856201172	1	pre_vs_post
209	0.679428100585938	0.942330349297512	pre_vs_post
210	0.70855712890625	0.96917584298671	pre_vs_post
211	0.0180816650390625	0.268964767456055	pre_vs_post
213	0.541217803955078	0.921497334914861	pre_vs_post
214	0.257926940917969	0.765170154621657	pre_vs_post
215	0.465316772460938	0.878931681315104	pre_vs_post
216	0.0180816650390625	0.268964767456055	pre_vs_post
217	0.395462036132812	0.857705280698579	pre_vs_post
218	0.859573364257812	1	pre_vs_post
219	0.00971619488408052	0.181470761437744	pre_vs_post
220	0.984321594238281	1	pre_vs_post
222	0.465316772460938	0.878931681315104	pre_vs_post
224	0.567760467529297	0.926590664848607	pre_vs_post
225	1	1	pre_vs_post
229	0.0493659973144531	0.463745115481156	pre_vs_post
230	0.0545730590820312	0.463745115481156	pre_vs_post
231	0.0180816650390625	0.268964767456055	pre_vs_post
234	0.0180816650390625	0.268964767456055	pre_vs_post
235	0.0186868755048476	0.271187583545959	pre_vs_post
237	0.952983856201172	1	pre_vs_post
239	0.195632934570312	0.705464218602036	pre_vs_post
240	0.890567779541016	1	pre_vs_post
243	0.859573364257812	1	pre_vs_post
245	0.594886779785156	0.926590664848607	pre_vs_post
246	0.37359619140625	0.838829184478184	pre_vs_post
247	0.515277862548828	0.917935114420817	pre_vs_post
248	0.195632934570312	0.705464218602036	pre_vs_post
250	0.0665457213437161	0.488823508635939	pre_vs_post
251	0.890567779541016	1	pre_vs_post
254	0.343759999660369	0.838829184478184	pre_vs_post
255	0.76800537109375	0.974335172283116	pre_vs_post
256	0.622562408447266	0.928382538912589	pre_vs_post
257	0.921714782714844	1	pre_vs_post
265	0.0204124450683594	0.282451274783112	pre_vs_post
266	0.567760467529297	0.926590664848607	pre_vs_post
267	0.441333770751953	0.876725279884698	pre_vs_post
268	0.738090515136719	0.973755779393232	pre_vs_post
269	0.045446946073126	0.458320896839152	pre_vs_post
273	0.489967346191406	0.897017141488882	pre_vs_post
274	0.00603984796466256	0.138219597652855	pre_vs_post
275	0.244293641331777	0.745408803037985	pre_vs_post
276	0.441333770751953	0.876725279884698	pre_vs_post
278	0.275341033935547	0.787634207652165	pre_vs_post
279	0.465316772460938	0.878931681315104	pre_vs_post
280	0.541217803955078	0.921497334914861	pre_vs_post
281	0.738090515136719	0.973755779393232	pre_vs_post
282	0.828784942626953	1	pre_vs_post
283	0.828784942626953	1	pre_vs_post
284	0.76800537109375	0.974335172283116	pre_vs_post
285	0.921714782714844	1	pre_vs_post
287	0.921714782714844	1	pre_vs_post
288	0.828784942626953	1	pre_vs_post
291	0.601249670135047	0.928382538912589	pre_vs_post
292	0.418041229248047	0.857705280698579	pre_vs_post
293	0.176996409037473	0.68527120724821	pre_vs_post
295	0.360423995448255	0.838829184478184	pre_vs_post
296	0.793859521195975	0.993666158821469	pre_vs_post
297	0.241252899169922	0.739925128897441	pre_vs_post
298	1	1	pre_vs_post
299	0.755657737671463	0.974335172283116	pre_vs_post
300	0.504903176723131	0.917935114420817	pre_vs_post
301	0.332065582275391	0.819829964538828	pre_vs_post
303	0.218401125676539	0.738344714645117	pre_vs_post
304	0.650749206542969	0.930759081473717	pre_vs_post
306	0.241252899169922	0.739925128897441	pre_vs_post
307	0.489967346191406	0.897017141488882	pre_vs_post
308	0.181865692138672	0.68527120724821	pre_vs_post
312	0.418041229248047	0.857705280698579	pre_vs_post
313	0.489967346191406	0.897017141488882	pre_vs_post
314	0.37359619140625	0.838829184478184	pre_vs_post
315	0.395462036132812	0.857705280698579	pre_vs_post
316	0.984321594238281	1	pre_vs_post
317	0.312408447265625	0.818867956489193	pre_vs_post
318	0.45908398187669	0.878931681315104	pre_vs_post
320	0.0602073669433594	0.471360306990774	pre_vs_post
321	0.293498992919922	0.804755303167528	pre_vs_post
324	0.332065582275391	0.819829964538828	pre_vs_post
325	0.615518503675301	0.928382538912589	pre_vs_post
331	0.552076886516813	0.926590664848607	pre_vs_post
332	0.738090515136719	0.973755779393232	pre_vs_post
333	0.507501253286605	0.917935114420817	pre_vs_post
334	0.00945281982421875	0.181470761437744	pre_vs_post
335	7.62939453125e-06	0.000378290812174479	pre_vs_post
336	1.1444091796875e-05	0.000400543212890625	pre_vs_post
337	0.368426844468365	0.838829184478184	pre_vs_post
338	0.984321594238281	1	pre_vs_post
339	0.594886779785156	0.926590664848607	pre_vs_post
340	0.29338289215179	0.804755303167528	pre_vs_post
341	0.113376617431641	0.607461826303957	pre_vs_post
342	0.293498992919922	0.804755303167528	pre_vs_post
344	0.368426844468365	0.838829184478184	pre_vs_post
345	0.0159721374511719	0.263983938429091	pre_vs_post
346	0.185016310523015	0.688503224212091	pre_vs_post
347	0.040130615234375	0.426387786865234	pre_vs_post
350	0.123188018798828	0.607461826303957	pre_vs_post
352	0.000653585176323472	0.0185182466624984	pre_vs_post
354	0.984321594238281	1	pre_vs_post
356	0.0527870006322246	0.463745115481156	pre_vs_post
357	0.541217803955078	0.921497334914861	pre_vs_post
358	0.352458953857422	0.838829184478184	pre_vs_post
360	0.760478502270913	0.974335172283116	pre_vs_post
361	0.952983856201172	1	pre_vs_post
362	0.123188018798828	0.607461826303957	pre_vs_post
364	0.418041229248047	0.857705280698579	pre_vs_post
366	0.622562408447266	0.928382538912589	pre_vs_post
367	0.601249670135047	0.928382538912589	pre_vs_post
368	0.88708754228948	1	pre_vs_post
371	0.0602073669433594	0.471360306990774	pre_vs_post
372	0.541217803955078	0.921497334914861	pre_vs_post
375	0.76800537109375	0.974335172283116	pre_vs_post
376	0.984321594238281	1	pre_vs_post
377	0.00229967858441496	0.0594916851185609	pre_vs_post
378	0.129818141420606	0.633129460207055	pre_vs_post
379	0.650749206542969	0.930759081473717	pre_vs_post
380	0.738090515136719	0.973755779393232	pre_vs_post
381	0.113376617431641	0.607461826303957	pre_vs_post
382	0.00248663556624239	0.0616478400797592	pre_vs_post
383	0.123188018798828	0.607461826303957	pre_vs_post
384	0.418041229248047	0.857705280698579	pre_vs_post
386	0.576103543277185	0.926590664848607	pre_vs_post
387	0.859573364257812	1	pre_vs_post
388	0.312408447265625	0.818867956489193	pre_vs_post
389	0.332065582275391	0.819829964538828	pre_vs_post
392	0.312408447265625	0.818867956489193	pre_vs_post
395	0.258486052233535	0.765170154621657	pre_vs_post
396	0.210117340087891	0.714398956298828	pre_vs_post
397	0.195632934570312	0.705464218602036	pre_vs_post
398	0.552076886516813	0.926590664848607	pre_vs_post
399	0.352458953857422	0.838829184478184	pre_vs_post
400	1	1	pre_vs_post
401	0.014068603515625	0.239166259765625	pre_vs_post
402	0.859573364257812	1	pre_vs_post
403	0.760478502270913	0.974335172283116	pre_vs_post
404	0.921714782714844	1	pre_vs_post
405	0.0108261108398438	0.195198059082031	pre_vs_post
406	0.55093480568048	0.926590664848607	pre_vs_post
407	0.76800537109375	0.974335172283116	pre_vs_post
408	0.0975530937032685	0.607461826303957	pre_vs_post
409	0.441333770751953	0.876725279884698	pre_vs_post
410	0.679428100585938	0.942330349297512	pre_vs_post
411	0.113376617431641	0.607461826303957	pre_vs_post
413	0.679428100585938	0.942330349297512	pre_vs_post
419	0.312408447265625	0.818867956489193	pre_vs_post
420	0.727537666179043	0.973755779393232	pre_vs_post
421	0.594886779785156	0.926590664848607	pre_vs_post
422	0.210117340087891	0.714398956298828	pre_vs_post
423	0.485924404659121	0.897017141488882	pre_vs_post
424	0.113376617431641	0.607461826303957	pre_vs_post
427	0.210117340087891	0.714398956298828	pre_vs_post
428	0.828784942626953	1	pre_vs_post
429	0.594886779785156	0.926590664848607	pre_vs_post
430	0.441333770751953	0.876725279884698	pre_vs_post
431	0.0445594787597656	0.457118790725182	pre_vs_post
432	0.0553376524355665	0.463745115481156	pre_vs_post
433	0.76800537109375	0.974335172283116	pre_vs_post
434	0.395462036132812	0.857705280698579	pre_vs_post
435	0.418041229248047	0.857705280698579	pre_vs_post
436	0.332065582275391	0.819829964538828	pre_vs_post
437	0.890567779541016	1	pre_vs_post
438	0.352458953857422	0.838829184478184	pre_vs_post
439	0.859573364257812	1	pre_vs_post
440	0.0545730590820312	0.463745115481156	pre_vs_post
441	0.352458953857422	0.838829184478184	pre_vs_post
442	0.0955123901367188	0.607461826303957	pre_vs_post
443	0.859573364257812	1	pre_vs_post
444	0.798252105712891	0.993666158821469	pre_vs_post
445	0.0545730590820312	0.463745115481156	pre_vs_post
446	0.594886779785156	0.926590664848607	pre_vs_post
447	0.225322723388672	0.739925128897441	pre_vs_post
448	0.921714782714844	1	pre_vs_post
452	0.650749206542969	0.930759081473717	pre_vs_post
454	0.45908398187669	0.878931681315104	pre_vs_post
456	0.144687652587891	0.652190555225719	pre_vs_post
457	0.418041229248047	0.857705280698579	pre_vs_post
458	0.515277862548828	0.917935114420817	pre_vs_post
459	0.828784942626953	1	pre_vs_post
460	0.859573364257812	1	pre_vs_post
461	0.798252105712891	0.993666158821469	pre_vs_post
462	0.0493659973144531	0.463745115481156	pre_vs_post
463	0.679428100585938	0.942330349297512	pre_vs_post
464	0.921714782714844	1	pre_vs_post
465	1	1	pre_vs_post
466	0.312408447265625	0.818867956489193	pre_vs_post
467	0.441333770751953	0.876725279884698	pre_vs_post
468	0.738090515136719	0.973755779393232	pre_vs_post
469	0.738090515136719	0.973755779393232	pre_vs_post
470	0.952983856201172	1	pre_vs_post
471	0.418041229248047	0.857705280698579	pre_vs_post
472	0.37359619140625	0.838829184478184	pre_vs_post
473	0.650749206542969	0.930759081473717	pre_vs_post
474	0.921714782714844	1	pre_vs_post
475	0.0360679626464844	0.410666202317522	pre_vs_post
476	0.738090515136719	0.973755779393232	pre_vs_post
477	0.890567779541016	1	pre_vs_post
478	0.952983856201172	1	pre_vs_post
479	0.594886779785156	0.926590664848607	pre_vs_post
480	0.76800537109375	0.974335172283116	pre_vs_post
481	0.650749206542969	0.930759081473717	pre_vs_post
482	0.567760467529297	0.926590664848607	pre_vs_post
483	0.257926940917969	0.765170154621657	pre_vs_post
484	0.465316772460938	0.878931681315104	pre_vs_post
485	0.418041229248047	0.857705280698579	pre_vs_post
486	1	1	pre_vs_post
490	0.594886779785156	0.926590664848607	pre_vs_post
501	0.0602073669433594	0.471360306990774	pre_vs_post
502	0.952983856201172	1	pre_vs_post
503	0.507501253286605	0.917935114420817	pre_vs_post
505	0.465316772460938	0.878931681315104	pre_vs_post
506	0.541217803955078	0.921497334914861	pre_vs_post
508	0.650749206542969	0.930759081473717	pre_vs_post
509	0.76800537109375	0.974335172283116	pre_vs_post
510	0.541217803955078	0.921497334914861	pre_vs_post
514	1.1444091796875e-05	0.000400543212890625	pre_vs_post
515	0.000644683837890625	0.0185182466624984	pre_vs_post
516	0.346373280006178	0.838829184478184	pre_vs_post
518	0.320174066831492	0.819829964538828	pre_vs_post
520	0.418041229248047	0.857705280698579	pre_vs_post
521	0.541217803955078	0.921497334914861	pre_vs_post
522	1	1	pre_vs_post
524	0.123188018798828	0.607461826303957	pre_vs_post
525	0.679428100585938	0.942330349297512	pre_vs_post
526	0.181971177723054	0.68527120724821	pre_vs_post
527	0.116551957746077	0.607461826303957	pre_vs_post
528	0.230024245060274	0.739925128897441	pre_vs_post
529	0.23395283347059	0.739925128897441	pre_vs_post
530	0.0806128145385549	0.551317524717703	pre_vs_post
531	1	1	pre_vs_post
532	0.0545730590820312	0.463745115481156	pre_vs_post
533	0.0975530937032685	0.607461826303957	pre_vs_post
534	0.00975977204371061	0.181470761437744	pre_vs_post
535	0.168792724609375	0.68527120724821	pre_vs_post
536	1	1	pre_vs_post
538	0.422678074170635	0.864238673991505	pre_vs_post
540	0.722282962716192	0.973755779393232	pre_vs_post
541	0.850618403625297	1	pre_vs_post
542	1	1	pre_vs_post
545	0.572081696065726	0.926590664848607	pre_vs_post
546	0.104156494140625	0.607461826303957	pre_vs_post
547	0.515277862548828	0.917935114420817	pre_vs_post
548	0.133621215820312	0.636036987304687	pre_vs_post
551	0.58716968573231	0.926590664848607	pre_vs_post
552	0.541217803955078	0.921497334914861	pre_vs_post
553	0.650749206542969	0.930759081473717	pre_vs_post
554	0.984321594238281	1	pre_vs_post
555	0.76800537109375	0.974335172283116	pre_vs_post
556	0.064910217801352	0.488823508635939	pre_vs_post
557	0.567760467529297	0.926590664848607	pre_vs_post
558	0.195632934570312	0.705464218602036	pre_vs_post
559	0.952983856201172	1	pre_vs_post
560	0.890567779541016	1	pre_vs_post
561	0.952983856201172	1	pre_vs_post
564	0.938175553294234	1	pre_vs_post
565	0.181865692138672	0.68527120724821	pre_vs_post
566	0.275341033935547	0.787634207652165	pre_vs_post
567	0.0258216857910156	0.320081313451131	pre_vs_post
569	0.541217803955078	0.921497334914861	pre_vs_post
570	0.104156494140625	0.607461826303957	pre_vs_post
571	0.859573364257812	1	pre_vs_post
572	0.00532913208007812	0.126833343505859	pre_vs_post
573	0.650749206542969	0.930759081473717	pre_vs_post
574	0.650749206542969	0.930759081473717	pre_vs_post
575	0.113376617431641	0.607461826303957	pre_vs_post
576	0.793859521195975	0.993666158821469	pre_vs_post
577	0.168792724609375	0.68527120724821	pre_vs_post
578	0.441333770751953	0.876725279884698	pre_vs_post
579	0.312408447265625	0.818867956489193	pre_vs_post
580	0.650749206542969	0.930759081473717	pre_vs_post
581	0.00945281982421875	0.181470761437744	pre_vs_post
582	0.760478502270913	0.974335172283116	pre_vs_post
583	0.828784942626953	1	pre_vs_post
584	0.622562408447266	0.928382538912589	pre_vs_post
586	0.952983856201172	1	pre_vs_post
587	1	1	pre_vs_post
589	0.921714782714844	1	pre_vs_post
590	0.76800537109375	0.974335172283116	pre_vs_post
594	1	1	pre_vs_post
595	0.418041229248047	0.857705280698579	pre_vs_post
596	0.465316772460938	0.878931681315104	pre_vs_post
597	0.241252899169922	0.739925128897441	pre_vs_post
598	0.930591460030879	1	pre_vs_post
600	0.0249324556028631	0.320081313451131	pre_vs_post
601	0.859573364257812	1	pre_vs_post
602	0.0467895211545023	0.463745115481156	pre_vs_post
603	0.650749206542969	0.930759081473717	pre_vs_post
604	0.00971619488408052	0.181470761437744	pre_vs_post
605	0.465316772460938	0.878931681315104	pre_vs_post
606	0.828784942626953	1	pre_vs_post
607	0.850618403625297	1	pre_vs_post
608	0.679428100585938	0.942330349297512	pre_vs_post
609	0.513591682337011	0.917935114420817	pre_vs_post
610	0.168792724609375	0.68527120724821	pre_vs_post
611	0.201242620957724	0.714398956298828	pre_vs_post
612	0.18144920772142	0.68527120724821	pre_vs_post
613	0.275341033935547	0.787634207652165	pre_vs_post
614	0.104156494140625	0.607461826303957	pre_vs_post
615	0.275341033935547	0.787634207652165	pre_vs_post
616	0.168792724609375	0.68527120724821	pre_vs_post
617	0.275341033935547	0.787634207652165	pre_vs_post
618	0.03658035079467	0.410666202317522	pre_vs_post
619	0.104156494140625	0.607461826303957	pre_vs_post
620	0.104156494140625	0.607461826303957	pre_vs_post
621	0.0493659973144531	0.463745115481156	pre_vs_post
622	0.181865692138672	0.68527120724821	pre_vs_post
623	0.185143724157873	0.688503224212091	pre_vs_post
624	0.371093369522698	0.838829184478184	pre_vs_post
625	0.890567779541016	1	pre_vs_post
626	0.610298655976554	0.928382538912589	pre_vs_post
628	0.181865692138672	0.68527120724821	pre_vs_post
630	1.1444091796875e-05	0.000400543212890625	pre_vs_post
631	0.142245169384134	0.652190555225719	pre_vs_post
633	0.000920809429065008	0.0249037095588036	pre_vs_post
634	3.814697265625e-06	0.000378290812174479	pre_vs_post
635	0.984321594238281	1	pre_vs_post
636	0.000253963219441523	0.00795305871408979	pre_vs_post
637	0.0874290466308594	0.584497558936644	pre_vs_post
638	1	1	pre_vs_post
639	7.62939453125e-06	0.000378290812174479	pre_vs_post
640	0.308063229907199	0.818867956489193	pre_vs_post
641	0.0602073669433594	0.471360306990774	pre_vs_post
642	0.72408166091539	0.973755779393232	pre_vs_post
645	0.622562408447266	0.928382538912589	pre_vs_post
646	0.855132140584706	1	pre_vs_post
648	0.191378953258895	0.705464218602036	pre_vs_post
649	1.1444091796875e-05	0.000400543212890625	pre_vs_post
651	0.0289306640625	0.34427490234375	pre_vs_post
652	0.37359619140625	0.838829184478184	pre_vs_post
653	0.952983856201172	1	pre_vs_post
654	7.62939453125e-06	0.000378290812174479	pre_vs_post
656	0.320174066831492	0.819829964538828	pre_vs_post
657	0.45908398187669	0.878931681315104	pre_vs_post
659	0.622562408447266	0.928382538912589	pre_vs_post
661	0.0258216857910156	0.320081313451131	pre_vs_post
662	0.142245169384134	0.652190555225719	pre_vs_post
663	0.567760467529297	0.926590664848607	pre_vs_post
664	0.241252899169922	0.739925128897441	pre_vs_post
665	0.984321594238281	1	pre_vs_post
666	0.104156494140625	0.607461826303957	pre_vs_post
667	0.332065582275391	0.819829964538828	pre_vs_post
668	0.921714782714844	1	pre_vs_post
669	0.594886779785156	0.926590664848607	pre_vs_post
670	0.622562408447266	0.928382538912589	pre_vs_post
671	0.168792724609375	0.68527120724821	pre_vs_post
672	0.293498992919922	0.804755303167528	pre_vs_post
673	0.679428100585938	0.942330349297512	pre_vs_post
674	0.0798759460449219	0.551317524717703	pre_vs_post
675	0.37359619140625	0.838829184478184	pre_vs_post
677	0.567760467529297	0.926590664848607	pre_vs_post
678	0.541217803955078	0.921497334914861	pre_vs_post
679	0.225322723388672	0.739925128897441	pre_vs_post
680	0.515277862548828	0.917935114420817	pre_vs_post
681	0.332065582275391	0.819829964538828	pre_vs_post
682	0.984321594238281	1	pre_vs_post
683	0.210117340087891	0.714398956298828	pre_vs_post
684	0.738090515136719	0.973755779393232	pre_vs_post
685	0.594886779785156	0.926590664848607	pre_vs_post
687	0.738090515136719	0.973755779393232	pre_vs_post
688	0.798252105712891	0.993666158821469	pre_vs_post
689	0.316508711379909	0.819829964538828	pre_vs_post
690	0.37359619140625	0.838829184478184	pre_vs_post
691	0.18144920772142	0.68527120724821	pre_vs_post
692	0.962243757251052	1	pre_vs_post
693	0.489967346191406	0.897017141488882	pre_vs_post
696	0.170598771596629	0.68527120724821	pre_vs_post
697	0.890567779541016	1	pre_vs_post
698	0.418041229248047	0.857705280698579	pre_vs_post
699	0.622562408447266	0.928382538912589	pre_vs_post
700	0.890567779541016	1	pre_vs_post
701	0.156402587890625	0.68527120724821	pre_vs_post
702	0.489967346191406	0.897017141488882	pre_vs_post
703	0.489967346191406	0.897017141488882	pre_vs_post
706	0.395462036132812	0.857705280698579	pre_vs_post
707	0.952983856201172	1	pre_vs_post
709	0.0545730590820312	0.463745115481156	pre_vs_post
711	0.828784942626953	1	pre_vs_post
712	0.144687652587891	0.652190555225719	pre_vs_post
713	0.738090515136719	0.973755779393232	pre_vs_post
715	0.738090515136719	0.973755779393232	pre_vs_post
717	0.859573364257812	1	pre_vs_post
718	0.116551957746077	0.607461826303957	pre_vs_post
719	0.0662879943847656	0.488823508635939	pre_vs_post
720	0.798272981372542	0.993666158821469	pre_vs_post
721	0.118250883889036	0.607461826303957	pre_vs_post
722	0.0258216857910156	0.320081313451131	pre_vs_post
723	0.118312716164607	0.607461826303957	pre_vs_post
724	0.116924826159794	0.607461826303957	pre_vs_post
726	0.890567779541016	1	pre_vs_post
728	1	1	pre_vs_post
730	0.0955123901367188	0.607461826303957	pre_vs_post
731	0.241252899169922	0.739925128897441	pre_vs_post
732	0.528612125255688	0.921497334914861	pre_vs_post
733	0.828784942626953	1	pre_vs_post
734	0.542057255832271	0.921497334914861	pre_vs_post
735	0.952983856201172	1	pre_vs_post
736	1	1	pre_vs_post
737	0.567760467529297	0.926590664848607	pre_vs_post
738	0.924572011837841	1	pre_vs_post
739	0.952983856201172	1	pre_vs_post
740	0.343759999660369	0.838829184478184	pre_vs_post
741	0.23965098438272	0.739925128897441	pre_vs_post
742	0.650749206542969	0.930759081473717	pre_vs_post
743	0.123534253752569	0.607461826303957	pre_vs_post
744	0.327876933144661	0.819829964538828	pre_vs_post
745	1	1	pre_vs_post
746	1	1	pre_vs_post
747	1	1	pre_vs_post
749	0.308063229907199	0.818867956489193	pre_vs_post
750	0.571288673599928	0.926590664848607	pre_vs_post
752	0.890567779541016	1	pre_vs_post
753	0.289131058506326	0.804755303167528	pre_vs_post
754	0.952983856201172	1	pre_vs_post
755	0.465316772460938	0.878931681315104	pre_vs_post
756	0.418041229248047	0.857705280698579	pre_vs_post
757	0.594886779785156	0.926590664848607	pre_vs_post
758	0.395462036132812	0.857705280698579	pre_vs_post
759	0.332065582275391	0.819829964538828	pre_vs_post
760	0.952983856201172	1	pre_vs_post
761	0.541217803955078	0.921497334914861	pre_vs_post
763	0.489967346191406	0.897017141488882	pre_vs_post
764	0.622562408447266	0.928382538912589	pre_vs_post
766	0.0204124450683594	0.282451274783112	pre_vs_post
767	0.352458953857422	0.838829184478184	pre_vs_post
768	0.70855712890625	0.96917584298671	pre_vs_post
770	0.962243757251052	1	pre_vs_post
771	0.760478502270913	0.974335172283116	pre_vs_post
772	0.70855712890625	0.96917584298671	pre_vs_post
773	0.70855712890625	0.96917584298671	pre_vs_post
774	0.541217803955078	0.921497334914861	pre_vs_post
775	0.738090515136719	0.973755779393232	pre_vs_post
776	0.650749206542969	0.930759081473717	pre_vs_post
777	0.70855712890625	0.96917584298671	pre_vs_post
778	0.0570833388248299	0.471360306990774	pre_vs_post
779	0.293498992919922	0.804755303167528	pre_vs_post
780	NA	NA	pre_vs_post
781	0.150785565027971	0.674567001440924	pre_vs_post
782	1	1	pre_vs_post
783	0.921714782714844	1	pre_vs_post
784	NA	NA	pre_vs_post
785	0.271898710819648	0.787634207652165	pre_vs_post
787	1	1	pre_vs_post
788	0.477659735127587	0.897017141488882	pre_vs_post
790	0.666137204488317	0.942330349297512	pre_vs_post
791	NA	NA	pre_vs_post
1	0.225322723388672	0.748977767688602	pre_vs_bd
2	0.740367478785491	0.991243374839005	pre_vs_bd
3	0.418041229248047	0.864593329516867	pre_vs_bd
4	0.275341033935547	0.790991600523604	pre_vs_bd
5	7.62939453125e-06	0.00113487243652344	pre_vs_bd
6	1.1444091796875e-05	0.00113487243652344	pre_vs_bd
7	0.144687652587891	0.677867348738543	pre_vs_bd
8	0.163434990101037	0.706554199481715	pre_vs_bd
11	0.515277862548828	0.931885496098945	pre_vs_bd
13	0.571288673599928	0.952147789333213	pre_vs_bd
14	0.37359619140625	0.823295310691551	pre_vs_bd
15	0.0204124450683594	0.379543900489807	pre_vs_bd
18	1.1444091796875e-05	0.00113487243652344	pre_vs_bd
19	0.921714782714844	1	pre_vs_bd
20	7.62939453125e-06	0.00113487243652344	pre_vs_bd
22	0.679428100585938	0.962523142496745	pre_vs_bd
23	0.663196958194977	0.962523142496745	pre_vs_bd
24	0.407978222352498	0.863868477935004	pre_vs_bd
25	0.594886779785156	0.962523142496745	pre_vs_bd
26	0.332065582275391	0.799915066614807	pre_vs_bd
27	0.635586122278767	0.962523142496745	pre_vs_bd
28	0.650749206542969	0.962523142496745	pre_vs_bd
29	0.465316772460938	0.890236268856134	pre_vs_bd
30	0.37359619140625	0.823295310691551	pre_vs_bd
31	0.37359619140625	0.823295310691551	pre_vs_bd
32	0.181865692138672	0.721819004968115	pre_vs_bd
33	0.859573364257812	1	pre_vs_bd
34	0.332065582275391	0.799915066614807	pre_vs_bd
35	0.828784942626953	0.994207743675478	pre_vs_bd
36	0.0798759460449219	0.557155609130859	pre_vs_bd
37	0.984321594238281	1	pre_vs_bd
38	0.293498992919922	0.790991600523604	pre_vs_bd
39	0.890567779541016	1	pre_vs_bd
40	0.576103543277185	0.95749052583778	pre_vs_bd
41	0.395462036132812	0.840356826782227	pre_vs_bd
42	0.441333770751953	0.866645523423802	pre_vs_bd
43	0.921714782714844	1	pre_vs_bd
44	0.622562408447266	0.962523142496745	pre_vs_bd
45	0.0323410034179688	0.418323848558509	pre_vs_bd
46	0.76800537109375	0.991243374839005	pre_vs_bd
47	0.738090515136719	0.991243374839005	pre_vs_bd
48	0.312408447265625	0.790991600523604	pre_vs_bd
52	0.210117340087891	0.748621660792185	pre_vs_bd
53	0.541217803955078	0.940303402974348	pre_vs_bd
54	0.0360679626464844	0.422819946523404	pre_vs_bd
55	0.538293635901243	0.940303402974348	pre_vs_bd
56	0.567760467529297	0.951598530084314	pre_vs_bd
57	0.827622518387147	0.994207743675478	pre_vs_bd
58	0.352458953857422	0.823295310691551	pre_vs_bd
59	0.890567779541016	1	pre_vs_bd
60	0.293498992919922	0.790991600523604	pre_vs_bd
61	0.241252899169922	0.767622860995206	pre_vs_bd
62	0.241252899169922	0.767622860995206	pre_vs_bd
63	0.930591460030879	1	pre_vs_bd
64	0.890567779541016	1	pre_vs_bd
65	0.257926940917969	0.782992499215262	pre_vs_bd
66	0.890567779541016	1	pre_vs_bd
67	0.489967346191406	0.913888937253563	pre_vs_bd
68	0.515277862548828	0.931885496098945	pre_vs_bd
69	0.679428100585938	0.962523142496745	pre_vs_bd
70	0.168792724609375	0.706554199481715	pre_vs_bd
71	0.37359619140625	0.823295310691551	pre_vs_bd
72	1.1444091796875e-05	0.00113487243652344	pre_vs_bd
74	0.210117340087891	0.748621660792185	pre_vs_bd
75	0.541217803955078	0.940303402974348	pre_vs_bd
77	7.62939453125e-06	0.00113487243652344	pre_vs_bd
78	0.0955123901367188	0.557155609130859	pre_vs_bd
79	0.0360679626464844	0.422819946523404	pre_vs_bd
80	0.133621215820312	0.668106079101562	pre_vs_bd
81	0.984321594238281	1	pre_vs_bd
83	0.984321594238281	1	pre_vs_bd
84	0.168792724609375	0.706554199481715	pre_vs_bd
85	0.921714782714844	1	pre_vs_bd
86	0.123188018798828	0.660332172840565	pre_vs_bd
87	0.0798759460449219	0.557155609130859	pre_vs_bd
92	0.489967346191406	0.913888937253563	pre_vs_bd
93	0.241252899169922	0.767622860995206	pre_vs_bd
94	0.631900275866177	0.962523142496745	pre_vs_bd
95	0.441333770751953	0.866645523423802	pre_vs_bd
97	0.650749206542969	0.962523142496745	pre_vs_bd
98	0.441333770751953	0.866645523423802	pre_vs_bd
100	0.352458953857422	0.823295310691551	pre_vs_bd
101	0.567760467529297	0.951598530084314	pre_vs_bd
102	0.679428100585938	0.962523142496745	pre_vs_bd
103	0.70855712890625	0.978170514383338	pre_vs_bd
104	0.441333770751953	0.866645523423802	pre_vs_bd
105	0.395462036132812	0.840356826782227	pre_vs_bd
106	0.798252105712891	0.991475901810774	pre_vs_bd
107	0.0728340148925781	0.555592805911333	pre_vs_bd
108	0.798252105712891	0.991475901810774	pre_vs_bd
109	0.921714782714844	1	pre_vs_bd
110	0.650749206542969	0.962523142496745	pre_vs_bd
111	0.0955123901367188	0.557155609130859	pre_vs_bd
112	0.798252105712891	0.991475901810774	pre_vs_bd
113	0.275341033935547	0.790991600523604	pre_vs_bd
114	0.0955123901367188	0.557155609130859	pre_vs_bd
115	0.312408447265625	0.790991600523604	pre_vs_bd
116	1.9073486328125e-05	0.0014185905456543	pre_vs_bd
117	0.168792724609375	0.706554199481715	pre_vs_bd
118	0.123188018798828	0.660332172840565	pre_vs_bd
120	0.921714782714844	1	pre_vs_bd
121	0.133621215820312	0.668106079101562	pre_vs_bd
122	0.000300719385520916	0.0191023798409624	pre_vs_bd
124	0.622562408447266	0.962523142496745	pre_vs_bd
125	0.541217803955078	0.940303402974348	pre_vs_bd
126	0.441333770751953	0.866645523423802	pre_vs_bd
129	1.9073486328125e-05	0.0014185905456543	pre_vs_bd
130	0.000419378902039934	0.0226845860648873	pre_vs_bd
132	0.465316772460938	0.890236268856134	pre_vs_bd
133	0.37359619140625	0.823295310691551	pre_vs_bd
134	0.738090515136719	0.991243374839005	pre_vs_bd
135	0.798252105712891	0.991475901810774	pre_vs_bd
137	0.567760467529297	0.951598530084314	pre_vs_bd
138	0.812703686128436	0.994207743675478	pre_vs_bd
140	0.168792724609375	0.706554199481715	pre_vs_bd
141	0.76800537109375	0.991243374839005	pre_vs_bd
144	0.70855712890625	0.978170514383338	pre_vs_bd
147	0.410198331513046	0.864593329516867	pre_vs_bd
165	0.70855712890625	0.978170514383338	pre_vs_bd
167	0.70855712890625	0.978170514383338	pre_vs_bd
170	0.441333770751953	0.866645523423802	pre_vs_bd
171	0.594886779785156	0.962523142496745	pre_vs_bd
172	0.418041229248047	0.864593329516867	pre_vs_bd
173	0.433095033362903	0.866645523423802	pre_vs_bd
174	0.0874290466308594	0.557155609130859	pre_vs_bd
175	0.365516535184542	0.823295310691551	pre_vs_bd
176	0.0229873657226562	0.402278900146484	pre_vs_bd
177	0.0602073669433594	0.484099774747281	pre_vs_bd
178	0.477659735127587	0.91092161025934	pre_vs_bd
179	0.0874290466308594	0.557155609130859	pre_vs_bd
180	0.0204124450683594	0.379543900489807	pre_vs_bd
181	0.0323410034179688	0.418323848558509	pre_vs_bd
182	0.378674693023085	0.830093600899515	pre_vs_bd
183	0.594886779785156	0.962523142496745	pre_vs_bd
184	0.70855712890625	0.978170514383338	pre_vs_bd
185	0.798252105712891	0.991475901810774	pre_vs_bd
186	0.312408447265625	0.790991600523604	pre_vs_bd
187	0.738090515136719	0.991243374839005	pre_vs_bd
188	0.360423995448255	0.823295310691551	pre_vs_bd
189	0.984321594238281	1	pre_vs_bd
190	0.133621215820312	0.668106079101562	pre_vs_bd
191	0.513591682337011	0.931885496098945	pre_vs_bd
192	0.952983856201172	1	pre_vs_bd
193	0.798252105712891	0.991475901810774	pre_vs_bd
194	0.181971177723054	0.721819004968115	pre_vs_bd
197	0.828784942626953	0.994207743675478	pre_vs_bd
198	0.257926940917969	0.782992499215262	pre_vs_bd
200	0.0545730590820312	0.482292170919446	pre_vs_bd
201	0.332065582275391	0.799915066614807	pre_vs_bd
204	0.0289306640625	0.40735828573864	pre_vs_bd
206	0.195632934570312	0.748621660792185	pre_vs_bd
207	0.921714782714844	1	pre_vs_bd
208	0.921714782714844	1	pre_vs_bd
209	0.489967346191406	0.913888937253563	pre_vs_bd
210	0.622562408447266	0.962523142496745	pre_vs_bd
211	0.040130615234375	0.442179927119502	pre_vs_bd
213	0.123188018798828	0.660332172840565	pre_vs_bd
214	0.144687652587891	0.677867348738543	pre_vs_bd
215	0.952983856201172	1	pre_vs_bd
216	0.168792724609375	0.706554199481715	pre_vs_bd
217	0.441333770751953	0.866645523423802	pre_vs_bd
218	0.650749206542969	0.962523142496745	pre_vs_bd
219	0.0591720678258595	0.484099774747281	pre_vs_bd
220	0.0955123901367188	0.557155609130859	pre_vs_bd
222	0.168792724609375	0.706554199481715	pre_vs_bd
224	0.275341033935547	0.790991600523604	pre_vs_bd
225	0.332065582275391	0.799915066614807	pre_vs_bd
229	0.012359619140625	0.262641906738281	pre_vs_bd
230	0.541217803955078	0.940303402974348	pre_vs_bd
231	0.0258216857910156	0.404313238043534	pre_vs_bd
234	0.738090515136719	0.991243374839005	pre_vs_bd
235	0.00945281982421875	0.224977111816406	pre_vs_bd
237	0.622562408447266	0.962523142496745	pre_vs_bd
239	0.441333770751953	0.866645523423802	pre_vs_bd
240	0.70855712890625	0.978170514383338	pre_vs_bd
243	1	1	pre_vs_bd
245	0.650749206542969	0.962523142496745	pre_vs_bd
246	0.0445594787597656	0.463996084782148	pre_vs_bd
247	0.622562408447266	0.962523142496745	pre_vs_bd
248	0.275341033935547	0.790991600523604	pre_vs_bd
250	0.046504242464804	0.463996084782148	pre_vs_bd
251	0.679428100585938	0.962523142496745	pre_vs_bd
254	0.76800537109375	0.991243374839005	pre_vs_bd
255	0.921714782714844	1	pre_vs_bd
256	0.859573364257812	1	pre_vs_bd
257	0.225322723388672	0.748977767688602	pre_vs_bd
265	0.76800537109375	0.991243374839005	pre_vs_bd
266	0.70855712890625	0.978170514383338	pre_vs_bd
267	0.210117340087891	0.748621660792185	pre_vs_bd
268	0.489967346191406	0.913888937253563	pre_vs_bd
269	0.195538859103995	0.748621660792185	pre_vs_bd
273	0.225322723388672	0.748977767688602	pre_vs_bd
274	0.0798759460449219	0.557155609130859	pre_vs_bd
275	0.036241709702006	0.422819946523404	pre_vs_bd
276	0.133621215820312	0.668106079101562	pre_vs_bd
278	0.859573364257812	1	pre_vs_bd
279	0.225322723388672	0.748977767688602	pre_vs_bd
280	0.890567779541016	1	pre_vs_bd
281	0.76800537109375	0.991243374839005	pre_vs_bd
282	0.679428100585938	0.962523142496745	pre_vs_bd
283	0.332065582275391	0.799915066614807	pre_vs_bd
284	0.679428100585938	0.962523142496745	pre_vs_bd
285	0.76800537109375	0.991243374839005	pre_vs_bd
287	0.567760467529297	0.951598530084314	pre_vs_bd
288	0.465316772460938	0.890236268856134	pre_vs_bd
291	0.395462036132812	0.840356826782227	pre_vs_bd
292	0.984321594238281	1	pre_vs_bd
293	0.394166404447896	0.840356826782227	pre_vs_bd
295	0.225322723388672	0.748977767688602	pre_vs_bd
296	0.542057255832271	0.940303402974348	pre_vs_bd
297	0.0467895211545023	0.463996084782148	pre_vs_bd
298	1	1	pre_vs_bd
299	0.689083746544796	0.973883204736707	pre_vs_bd
300	0.0559296803251122	0.482292170919446	pre_vs_bd
301	0.360423995448255	0.823295310691551	pre_vs_bd
303	0.0454587523438197	0.463996084782148	pre_vs_bd
304	0.952983856201172	1	pre_vs_bd
306	0.798252105712891	0.991475901810774	pre_vs_bd
307	0.293498992919922	0.790991600523604	pre_vs_bd
308	0.650749206542969	0.962523142496745	pre_vs_bd
312	0.0360679626464844	0.422819946523404	pre_vs_bd
313	0.0602073669433594	0.484099774747281	pre_vs_bd
314	0.257926940917969	0.782992499215262	pre_vs_bd
315	0.0258216857910156	0.404313238043534	pre_vs_bd
316	0.828784942626953	0.994207743675478	pre_vs_bd
317	0.181865692138672	0.721819004968115	pre_vs_bd
318	0.679428100585938	0.962523142496745	pre_vs_bd
320	0.76800537109375	0.991243374839005	pre_vs_bd
321	0.650749206542969	0.962523142496745	pre_vs_bd
324	0.338008390645332	0.810947550136986	pre_vs_bd
325	0.131904094905011	0.668106079101562	pre_vs_bd
331	0.176996409037473	0.721819004968115	pre_vs_bd
332	0.37359619140625	0.823295310691551	pre_vs_bd
333	0.266250586794457	0.790991600523604	pre_vs_bd
334	0.040130615234375	0.442179927119502	pre_vs_bd
335	0.00412805010171734	0.122809490526091	pre_vs_bd
336	0.0559296803251122	0.482292170919446	pre_vs_bd
337	0.861707167619045	1	pre_vs_bd
338	0.515277862548828	0.931885496098945	pre_vs_bd
339	0.679428100585938	0.962523142496745	pre_vs_bd
340	0.244293641331777	0.773163386129825	pre_vs_bd
341	0.441333770751953	0.866645523423802	pre_vs_bd
342	0.76800537109375	0.991243374839005	pre_vs_bd
344	0.650749206542969	0.962523142496745	pre_vs_bd
345	0.37359619140625	0.823295310691551	pre_vs_bd
346	0.629260787503937	0.962523142496745	pre_vs_bd
347	0.515277862548828	0.931885496098945	pre_vs_bd
350	0.312408447265625	0.790991600523604	pre_vs_bd
352	0.00198762456587179	0.073683587976974	pre_vs_bd
354	0.332065582275391	0.799915066614807	pre_vs_bd
356	0.201242620957724	0.748621660792185	pre_vs_bd
357	0.0955123901367188	0.557155609130859	pre_vs_bd
358	0.622562408447266	0.962523142496745	pre_vs_bd
360	0.727537666179043	0.991243374839005	pre_vs_bd
361	0.594886779785156	0.962523142496745	pre_vs_bd
362	0.144687652587891	0.677867348738543	pre_vs_bd
364	0.921714782714844	1	pre_vs_bd
366	0.798252105712891	0.991475901810774	pre_vs_bd
367	0.979373483767223	1	pre_vs_bd
368	0.88708754228948	1	pre_vs_bd
371	0.952983856201172	1	pre_vs_bd
372	0.395462036132812	0.840356826782227	pre_vs_bd
375	0.738090515136719	0.991243374839005	pre_vs_bd
376	0.828784942626953	0.994207743675478	pre_vs_bd
377	0.624834867127387	0.962523142496745	pre_vs_bd
378	0.184235113180511	0.725959551936452	pre_vs_bd
379	0.650749206542969	0.962523142496745	pre_vs_bd
380	0.622562408447266	0.962523142496745	pre_vs_bd
381	0.00714492797851562	0.184836180313774	pre_vs_bd
382	0.0934924836898357	0.557155609130859	pre_vs_bd
383	0.567760467529297	0.951598530084314	pre_vs_bd
384	0.679428100585938	0.962523142496745	pre_vs_bd
386	0.289131058506326	0.790991600523604	pre_vs_bd
387	0.0360679626464844	0.422819946523404	pre_vs_bd
388	0.312408447265625	0.790991600523604	pre_vs_bd
389	0.567760467529297	0.951598530084314	pre_vs_bd
392	0.859573364257812	1	pre_vs_bd
395	0.285881444542875	0.790991600523604	pre_vs_bd
396	0.441333770751953	0.866645523423802	pre_vs_bd
397	0.489967346191406	0.913888937253563	pre_vs_bd
398	0.156402587890625	0.706554199481715	pre_vs_bd
399	0.144687652587891	0.677867348738543	pre_vs_bd
400	0.952983856201172	1	pre_vs_bd
401	0.104156494140625	0.590220133463542	pre_vs_bd
402	0.241252899169922	0.767622860995206	pre_vs_bd
403	0.859573364257812	1	pre_vs_bd
404	0.890567779541016	1	pre_vs_bd
405	0.312408447265625	0.790991600523604	pre_vs_bd
406	0.489853845560898	0.913888937253563	pre_vs_bd
407	0.567760467529297	0.951598530084314	pre_vs_bd
408	0.571288673599928	0.952147789333213	pre_vs_bd
409	0.515277862548828	0.931885496098945	pre_vs_bd
410	0.952983856201172	1	pre_vs_bd
411	0.218401125676539	0.748977767688602	pre_vs_bd
413	0.76800537109375	0.991243374839005	pre_vs_bd
419	0.312408447265625	0.790991600523604	pre_vs_bd
420	0.695092793077638	0.978170514383338	pre_vs_bd
421	0.210117340087891	0.748621660792185	pre_vs_bd
422	1	1	pre_vs_bd
423	0.138683310508103	0.676365325838698	pre_vs_bd
424	0.798252105712891	0.991475901810774	pre_vs_bd
427	0.316508711379909	0.794610477936902	pre_vs_bd
428	0.601249670135047	0.962523142496745	pre_vs_bd
429	0.798252105712891	0.991475901810774	pre_vs_bd
430	0.332065582275391	0.799915066614807	pre_vs_bd
431	0.798252105712891	0.991475901810774	pre_vs_bd
432	0.984321594238281	1	pre_vs_bd
433	0.76800537109375	0.991243374839005	pre_vs_bd
434	0.0728340148925781	0.555592805911333	pre_vs_bd
435	0.275341033935547	0.790991600523604	pre_vs_bd
436	0.541217803955078	0.940303402974348	pre_vs_bd
437	0.890567779541016	1	pre_vs_bd
438	0.0493659973144531	0.466234419080946	pre_vs_bd
439	0.622562408447266	0.962523142496745	pre_vs_bd
440	0.312408447265625	0.790991600523604	pre_vs_bd
441	0.465316772460938	0.890236268856134	pre_vs_bd
442	0.622562408447266	0.962523142496745	pre_vs_bd
443	0.293498992919922	0.790991600523604	pre_vs_bd
444	0.828784942626953	0.994207743675478	pre_vs_bd
445	0.828784942626953	0.994207743675478	pre_vs_bd
446	0.890567779541016	1	pre_vs_bd
447	0.890567779541016	1	pre_vs_bd
448	0.0602073669433594	0.484099774747281	pre_vs_bd
452	0.828784942626953	0.994207743675478	pre_vs_bd
454	0.255908620519372	0.782992499215262	pre_vs_bd
456	0.921714782714844	1	pre_vs_bd
457	0.828784942626953	0.994207743675478	pre_vs_bd
458	0.622562408447266	0.962523142496745	pre_vs_bd
459	0.332065582275391	0.799915066614807	pre_vs_bd
460	0.541217803955078	0.940303402974348	pre_vs_bd
461	0.293498992919922	0.790991600523604	pre_vs_bd
462	0.123188018798828	0.660332172840565	pre_vs_bd
463	0.887068694211825	1	pre_vs_bd
464	0.465316772460938	0.890236268856134	pre_vs_bd
465	0.41849223344682	0.864593329516867	pre_vs_bd
466	0.418041229248047	0.864593329516867	pre_vs_bd
467	0.541217803955078	0.940303402974348	pre_vs_bd
468	0.275341033935547	0.790991600523604	pre_vs_bd
469	0.332065582275391	0.799915066614807	pre_vs_bd
470	0.123188018798828	0.660332172840565	pre_vs_bd
471	0.418041229248047	0.864593329516867	pre_vs_bd
472	0.241252899169922	0.767622860995206	pre_vs_bd
473	0.859573364257812	1	pre_vs_bd
474	0.0289306640625	0.40735828573864	pre_vs_bd
475	0.541217803955078	0.940303402974348	pre_vs_bd
476	0.984321594238281	1	pre_vs_bd
477	0.257926940917969	0.782992499215262	pre_vs_bd
478	0.921714782714844	1	pre_vs_bd
479	0.515277862548828	0.931885496098945	pre_vs_bd
480	0.828784942626953	0.994207743675478	pre_vs_bd
481	0.00823211669921875	0.204087893168132	pre_vs_bd
482	0.650749206542969	0.962523142496745	pre_vs_bd
483	0.332065582275391	0.799915066614807	pre_vs_bd
484	0.0545730590820312	0.482292170919446	pre_vs_bd
485	0.828784942626953	0.994207743675478	pre_vs_bd
486	0.176996409037473	0.721819004968115	pre_vs_bd
490	0.210117340087891	0.748621660792185	pre_vs_bd
501	0.352458953857422	0.823295310691551	pre_vs_bd
502	0.257926940917969	0.782992499215262	pre_vs_bd
503	0.859573364257812	1	pre_vs_bd
505	0.0874290466308594	0.557155609130859	pre_vs_bd
506	0.0874290466308594	0.557155609130859	pre_vs_bd
508	0.679428100585938	0.962523142496745	pre_vs_bd
509	0.352458953857422	0.823295310691551	pre_vs_bd
510	0.622562408447266	0.962523142496745	pre_vs_bd
514	0.00333335402513658	0.110185869164237	pre_vs_bd
515	0.622562408447266	0.962523142496745	pre_vs_bd
516	0.064865178868529	0.51459708569033	pre_vs_bd
518	0.0451433426811758	0.463996084782148	pre_vs_bd
520	0.0741697860492422	0.557155609130859	pre_vs_bd
521	0.168792724609375	0.706554199481715	pre_vs_bd
522	0.361310428526179	0.823295310691551	pre_vs_bd
524	0.012359619140625	0.262641906738281	pre_vs_bd
525	0.012359619140625	0.262641906738281	pre_vs_bd
526	0.29450739368011	0.790991600523604	pre_vs_bd
527	0.893903721815722	1	pre_vs_bd
528	0.0787915035643527	0.557155609130859	pre_vs_bd
529	1	1	pre_vs_bd
530	0.0414910873877316	0.44885812719455	pre_vs_bd
531	0.789268026134281	0.991475901810774	pre_vs_bd
532	0.622562408447266	0.962523142496745	pre_vs_bd
533	0.0874290466308594	0.557155609130859	pre_vs_bd
534	0.286320596793059	0.790991600523604	pre_vs_bd
535	0.0289306640625	0.40735828573864	pre_vs_bd
536	0.18144920772142	0.721819004968115	pre_vs_bd
538	0.422678074170635	0.866645523423802	pre_vs_bd
540	0.167253563317042	0.706554199481715	pre_vs_bd
541	0.753610350301361	0.991243374839005	pre_vs_bd
542	0.379471360411207	0.830093600899515	pre_vs_bd
545	0.88708754228948	1	pre_vs_bd
546	0.0180816650390625	0.358619689941406	pre_vs_bd
547	0.921714782714844	1	pre_vs_bd
548	0.295926599541194	0.790991600523604	pre_vs_bd
551	0.979373483767223	1	pre_vs_bd
552	0.70855712890625	0.978170514383338	pre_vs_bd
553	0.650749206542969	0.962523142496745	pre_vs_bd
554	0.168792724609375	0.706554199481715	pre_vs_bd
555	0.156402587890625	0.706554199481715	pre_vs_bd
556	0.144687652587891	0.677867348738543	pre_vs_bd
557	0.138683310508103	0.676365325838698	pre_vs_bd
558	0.567760467529297	0.951598530084314	pre_vs_bd
559	0.257926940917969	0.782992499215262	pre_vs_bd
560	0.650749206542969	0.962523142496745	pre_vs_bd
561	0.952983856201172	1	pre_vs_bd
564	0.727537666179043	0.991243374839005	pre_vs_bd
565	0.622562408447266	0.962523142496745	pre_vs_bd
566	0.395462036132812	0.840356826782227	pre_vs_bd
567	0.952983856201172	1	pre_vs_bd
569	0.679428100585938	0.962523142496745	pre_vs_bd
570	0.293498992919922	0.790991600523604	pre_vs_bd
571	0.984321594238281	1	pre_vs_bd
572	0.921714782714844	1	pre_vs_bd
573	0.679428100585938	0.962523142496745	pre_vs_bd
574	0.293498992919922	0.790991600523604	pre_vs_bd
575	0.76800537109375	0.991243374839005	pre_vs_bd
576	0.738090515136719	0.991243374839005	pre_vs_bd
577	1	1	pre_vs_bd
578	0.275341033935547	0.790991600523604	pre_vs_bd
579	0.040130615234375	0.442179927119502	pre_vs_bd
580	0.515277862548828	0.931885496098945	pre_vs_bd
581	0.00391769409179688	0.122685683401007	pre_vs_bd
582	0.0289306640625	0.40735828573864	pre_vs_bd
583	0.738090515136719	0.991243374839005	pre_vs_bd
584	0.225322723388672	0.748977767688602	pre_vs_bd
586	0.679428100585938	0.962523142496745	pre_vs_bd
587	0.0874290466308594	0.557155609130859	pre_vs_bd
589	0.225322723388672	0.748977767688602	pre_vs_bd
590	0.921714782714844	1	pre_vs_bd
594	1	1	pre_vs_bd
595	0.293498992919922	0.790991600523604	pre_vs_bd
596	0.679428100585938	0.962523142496745	pre_vs_bd
597	0.984321594238281	1	pre_vs_bd
598	0.979373483767223	1	pre_vs_bd
600	0.0519129649350183	0.482292170919446	pre_vs_bd
601	0.679428100585938	0.962523142496745	pre_vs_bd
602	0.394166404447896	0.840356826782227	pre_vs_bd
603	0.00522300384127411	0.143778832234875	pre_vs_bd
604	0.368426844468365	0.823295310691551	pre_vs_bd
605	0.0229873657226562	0.402278900146484	pre_vs_bd
606	0.890567779541016	1	pre_vs_bd
607	0.849816607389808	1	pre_vs_bd
608	0.952983856201172	1	pre_vs_bd
609	0.0294393382970782	0.40735828573864	pre_vs_bd
610	0.37359619140625	0.823295310691551	pre_vs_bd
611	0.799846105662473	0.991475901810774	pre_vs_bd
612	1	1	pre_vs_bd
613	0.316508711379909	0.794610477936902	pre_vs_bd
614	0.133621215820312	0.668106079101562	pre_vs_bd
615	0.622562408447266	0.962523142496745	pre_vs_bd
616	1	1	pre_vs_bd
617	0.798252105712891	0.991475901810774	pre_vs_bd
618	1	1	pre_vs_bd
619	0.489967346191406	0.913888937253563	pre_vs_bd
620	0.187311701267768	0.733226725357381	pre_vs_bd
621	0.984321594238281	1	pre_vs_bd
622	0.0894202463007291	0.557155609130859	pre_vs_bd
623	0.306556273379373	0.790991600523604	pre_vs_bd
624	0.371093369522698	0.823295310691551	pre_vs_bd
625	0.952983856201172	1	pre_vs_bd
626	0.610298655976554	0.962523142496745	pre_vs_bd
628	0.0894202463007291	0.557155609130859	pre_vs_bd
630	0.000584658962712894	0.0267593909857055	pre_vs_bd
631	0.979373483767223	1	pre_vs_bd
633	0.906329390836487	1	pre_vs_bd
634	0.0010970505857231	0.0435163399003498	pre_vs_bd
635	0.76800537109375	0.991243374839005	pre_vs_bd
636	0.000482402936961704	0.0239191456243512	pre_vs_bd
637	0.0493659973144531	0.466234419080946	pre_vs_bd
638	0.371093369522698	0.823295310691551	pre_vs_bd
639	0.00210524537077069	0.073683587976974	pre_vs_bd
640	0.208412803684149	0.748621660792185	pre_vs_bd
641	0.650749206542969	0.962523142496745	pre_vs_bd
642	0.0167287003897047	0.343226783857734	pre_vs_bd
645	0.0258216857910156	0.404313238043534	pre_vs_bd
646	0.789268026134281	0.991475901810774	pre_vs_bd
648	0.0302764098686474	0.409419633451027	pre_vs_bd
649	0.000321048400688444	0.0191023798409624	pre_vs_bd
651	0.104156494140625	0.590220133463542	pre_vs_bd
652	0.952983856201172	1	pre_vs_bd
653	0.00531619211624748	0.143778832234875	pre_vs_bd
654	0.000726513880057952	0.0308768399024629	pre_vs_bd
656	0.849816607389808	1	pre_vs_bd
657	0.96526282458649	1	pre_vs_bd
659	0.138683310508103	0.676365325838698	pre_vs_bd
661	0.181865692138672	0.721819004968115	pre_vs_bd
662	0.218401125676539	0.748977767688602	pre_vs_bd
663	0.541217803955078	0.940303402974348	pre_vs_bd
664	0.679428100585938	0.962523142496745	pre_vs_bd
665	0.225322723388672	0.748977767688602	pre_vs_bd
666	0.541217803955078	0.940303402974348	pre_vs_bd
667	0.395462036132812	0.840356826782227	pre_vs_bd
668	0.225322723388672	0.748977767688602	pre_vs_bd
669	0.418041229248047	0.864593329516867	pre_vs_bd
670	0.984321594238281	1	pre_vs_bd
671	0.890567779541016	1	pre_vs_bd
672	0.679428100585938	0.962523142496745	pre_vs_bd
673	0.984321594238281	1	pre_vs_bd
674	0.594886779785156	0.962523142496745	pre_vs_bd
675	0.650749206542969	0.962523142496745	pre_vs_bd
677	0.156402587890625	0.706554199481715	pre_vs_bd
678	0.0662879943847656	0.51896521919652	pre_vs_bd
679	0.76800537109375	0.991243374839005	pre_vs_bd
680	0.921714782714844	1	pre_vs_bd
681	0.241252899169922	0.767622860995206	pre_vs_bd
682	0.0874290466308594	0.557155609130859	pre_vs_bd
683	1	1	pre_vs_bd
684	0.859573364257812	1	pre_vs_bd
685	0.168792724609375	0.706554199481715	pre_vs_bd
687	0.952983856201172	1	pre_vs_bd
688	0.441333770751953	0.866645523423802	pre_vs_bd
689	0.191378953258895	0.744251484895701	pre_vs_bd
690	0.0602073669433594	0.484099774747281	pre_vs_bd
691	0.293621543928906	0.790991600523604	pre_vs_bd
692	1	1	pre_vs_bd
693	0.567760467529297	0.951598530084314	pre_vs_bd
696	0.556298461274735	0.951598530084314	pre_vs_bd
697	0.828784942626953	0.994207743675478	pre_vs_bd
698	0.210117340087891	0.748621660792185	pre_vs_bd
699	0.0493659973144531	0.466234419080946	pre_vs_bd
700	0.541217803955078	0.940303402974348	pre_vs_bd
701	0.567760467529297	0.951598530084314	pre_vs_bd
702	0.352458953857422	0.823295310691551	pre_vs_bd
703	0.257926940917969	0.782992499215262	pre_vs_bd
706	0.210117340087891	0.748621660792185	pre_vs_bd
707	0.859573364257812	1	pre_vs_bd
709	0.952983856201172	1	pre_vs_bd
711	0.465316772460938	0.890236268856134	pre_vs_bd
712	0.828784942626953	0.994207743675478	pre_vs_bd
713	0.210117340087891	0.748621660792185	pre_vs_bd
715	0.798252105712891	0.991475901810774	pre_vs_bd
717	0.738090515136719	0.991243374839005	pre_vs_bd
718	0.0832301704109573	0.557155609130859	pre_vs_bd
719	0.515277862548828	0.931885496098945	pre_vs_bd
720	0.201279706355701	0.748621660792185	pre_vs_bd
721	0.293498992919922	0.790991600523604	pre_vs_bd
722	0.37359619140625	0.823295310691551	pre_vs_bd
723	0.222041366726258	0.748977767688602	pre_vs_bd
724	0.793859521195975	0.991475901810774	pre_vs_bd
726	0.465316772460938	0.890236268856134	pre_vs_bd
728	0.799846105662473	0.991475901810774	pre_vs_bd
730	0.0874290466308594	0.557155609130859	pre_vs_bd
731	0.0258216857910156	0.404313238043534	pre_vs_bd
732	0.169810505085521	0.706554199481715	pre_vs_bd
733	0.133621215820312	0.668106079101562	pre_vs_bd
734	0.312408447265625	0.790991600523604	pre_vs_bd
735	0.622562408447266	0.962523142496745	pre_vs_bd
736	1	1	pre_vs_bd
737	0.921714782714844	1	pre_vs_bd
738	0.104156494140625	0.590220133463542	pre_vs_bd
739	0.275341033935547	0.790991600523604	pre_vs_bd
740	0.776388431769708	0.991475901810774	pre_vs_bd
741	0.827622518387147	0.994207743675478	pre_vs_bd
742	0.76800537109375	0.991243374839005	pre_vs_bd
743	0.449803788345075	0.880372546267499	pre_vs_bd
744	0.629260787503937	0.962523142496745	pre_vs_bd
745	0.833634883024682	0.998013592353493	pre_vs_bd
746	1	1	pre_vs_bd
747	1	1	pre_vs_bd
749	0.234811289315166	0.767622860995206	pre_vs_bd
750	0.760478502270913	0.991243374839005	pre_vs_bd
752	0.0955123901367188	0.557155609130859	pre_vs_bd
753	0.0546135439506891	0.482292170919446	pre_vs_bd
754	0.952983856201172	1	pre_vs_bd
755	0.760478502270913	0.991243374839005	pre_vs_bd
756	0.828784942626953	0.994207743675478	pre_vs_bd
757	0.738090515136719	0.991243374839005	pre_vs_bd
758	0.275341033935547	0.790991600523604	pre_vs_bd
759	0.0955123901367188	0.557155609130859	pre_vs_bd
760	0.441333770751953	0.866645523423802	pre_vs_bd
761	0.312408447265625	0.790991600523604	pre_vs_bd
763	0.123188018798828	0.660332172840565	pre_vs_bd
764	0.594886779785156	0.962523142496745	pre_vs_bd
766	0.859573364257812	1	pre_vs_bd
767	0.241252899169922	0.767622860995206	pre_vs_bd
768	0.541217803955078	0.940303402974348	pre_vs_bd
770	0.12608955395259	0.668106079101562	pre_vs_bd
771	0.201203985898768	0.748621660792185	pre_vs_bd
772	0.168792724609375	0.706554199481715	pre_vs_bd
773	0.567760467529297	0.951598530084314	pre_vs_bd
774	0.312408447265625	0.790991600523604	pre_vs_bd
775	0.275341033935547	0.790991600523604	pre_vs_bd
776	0.76800537109375	0.991243374839005	pre_vs_bd
777	0.515277862548828	0.931885496098945	pre_vs_bd
778	0.660346099350424	0.962523142496745	pre_vs_bd
779	0.890567779541016	1	pre_vs_bd
780	NA	NA	pre_vs_bd
781	0.918812683274642	1	pre_vs_bd
782	0.371093369522698	0.823295310691551	pre_vs_bd
783	0.921714782714844	1	pre_vs_bd
784	NA	NA	pre_vs_bd
785	1	1	pre_vs_bd
787	0.422678074170635	0.866645523423802	pre_vs_bd
788	0.297672151508384	0.790991600523604	pre_vs_bd
790	0.70642711574737	0.978170514383338	pre_vs_bd
791	NA	NA	pre_vs_bd
1	0.0323410034179688	0.173359432735959	post_vs_bd
2	0.185016310523015	0.516829599817812	post_vs_bd
3	0.0493659973144531	0.231281640961414	post_vs_bd
4	0.0728340148925781	0.296823553843041	post_vs_bd
5	1.1444091796875e-05	0.000523787278395433	post_vs_bd
6	1.9073486328125e-05	0.000630484686957465	post_vs_bd
7	0.144687652587891	0.443758522112345	post_vs_bd
8	0.0101853921685914	0.0787053031209332	post_vs_bd
11	0.0186868755048476	0.120855336145482	post_vs_bd
13	0.150672042703171	0.458421378300108	post_vs_bd
14	0.0545730590820312	0.245992198134914	post_vs_bd
15	3.814697265625e-05	0.00113487243652344	post_vs_bd
18	3.814697265625e-06	0.000378290812174479	post_vs_bd
19	0.0728340148925781	0.296823553843041	post_vs_bd
20	7.62939453125e-06	0.000453948974609375	post_vs_bd
22	1	1	post_vs_bd
23	0.513591682337011	0.784118486487347	post_vs_bd
24	0.0186868755048476	0.120855336145482	post_vs_bd
25	0.133621215820312	0.427444211898311	post_vs_bd
26	0.594886779785156	0.834805740500396	post_vs_bd
27	0.964541384555568	1	post_vs_bd
28	0.515277862548828	0.784118486487347	post_vs_bd
29	1	1	post_vs_bd
30	0.312408447265625	0.645427174038357	post_vs_bd
31	0.168792724609375	0.487532384187272	post_vs_bd
32	0.0602073669433594	0.263407230377197	post_vs_bd
33	0.567760467529297	0.823945068731541	post_vs_bd
34	0.0798759460449219	0.318967704004889	post_vs_bd
35	0.0445594787597656	0.213813627919843	post_vs_bd
36	0.144687652587891	0.443758522112345	post_vs_bd
37	0.332065582275391	0.672037487938291	post_vs_bd
38	0.0323410034179688	0.173359432735959	post_vs_bd
39	0.257926940917969	0.597146030529928	post_vs_bd
40	0.00117111206054688	0.0122247662460595	post_vs_bd
41	0.000164031982421875	0.00314835579164567	post_vs_bd
42	0.293498992919922	0.635025093772195	post_vs_bd
43	0.594886779785156	0.834805740500396	post_vs_bd
44	0.515277862548828	0.784118486487347	post_vs_bd
45	0.000335693359375	0.00512147561097756	post_vs_bd
46	0.257926940917969	0.597146030529928	post_vs_bd
47	0.144687652587891	0.443758522112345	post_vs_bd
48	0.859573364257812	0.969216946565844	post_vs_bd
52	0.418041229248047	0.730213721116885	post_vs_bd
53	0.465316772460938	0.756457594574475	post_vs_bd
54	0.798252105712891	0.946160207005303	post_vs_bd
55	0.798252105712891	0.946160207005303	post_vs_bd
56	0.828784942626953	0.957528234685509	post_vs_bd
57	0.650749206542969	0.872062562822222	post_vs_bd
58	0.738090515136719	0.924555487381785	post_vs_bd
59	0.352458953857422	0.674318577315646	post_vs_bd
60	0.0874290466308594	0.333463350931803	post_vs_bd
61	0.541217803955078	0.80707918133652	post_vs_bd
62	0.195632934570312	0.52670405461238	post_vs_bd
63	7.62939453125e-06	0.000453948974609375	post_vs_bd
64	0.0874290466308594	0.333463350931803	post_vs_bd
65	0.012359619140625	0.0896826023008765	post_vs_bd
66	0.37359619140625	0.692491382824669	post_vs_bd
67	0.489967346191406	0.771244896782769	post_vs_bd
68	1	1	post_vs_bd
69	0.257926940917969	0.597146030529928	post_vs_bd
70	0.76800537109375	0.946093573086504	post_vs_bd
71	0.0289306640625	0.163719291179959	post_vs_bd
72	3.814697265625e-06	0.000378290812174479	post_vs_bd
74	0.515277862548828	0.784118486487347	post_vs_bd
75	0.798252105712891	0.946160207005303	post_vs_bd
77	3.814697265625e-06	0.000378290812174479	post_vs_bd
78	0.156402587890625	0.458421378300108	post_vs_bd
79	0.0289306640625	0.163719291179959	post_vs_bd
80	0.0798759460449219	0.318967704004889	post_vs_bd
81	0.195632934570312	0.52670405461238	post_vs_bd
83	0.622562408447266	0.858427222006232	post_vs_bd
84	0.984321594238281	1	post_vs_bd
85	0.567760467529297	0.823945068731541	post_vs_bd
86	0.37359619140625	0.692491382824669	post_vs_bd
87	0.515277862548828	0.784118486487347	post_vs_bd
92	0.441333770751953	0.741789812422068	post_vs_bd
93	0.352458953857422	0.674318577315646	post_vs_bd
94	0.185016310523015	0.516829599817812	post_vs_bd
95	0.0874290466308594	0.333463350931803	post_vs_bd
97	0.679428100585938	0.888482900766226	post_vs_bd
98	0.407978222352498	0.726787551795617	post_vs_bd
100	0.465316772460938	0.756457594574475	post_vs_bd
101	0.567760467529297	0.823945068731541	post_vs_bd
102	0.70855712890625	0.904702771886735	post_vs_bd
103	0.275341033935547	0.606549201184996	post_vs_bd
104	0.0602073669433594	0.263407230377197	post_vs_bd
105	0.156402587890625	0.458421378300108	post_vs_bd
106	0.489967346191406	0.771244896782769	post_vs_bd
107	0.225322723388672	0.56094987621866	post_vs_bd
108	0.798252105712891	0.946160207005303	post_vs_bd
109	0.859573364257812	0.969216946565844	post_vs_bd
110	0.312408447265625	0.645427174038357	post_vs_bd
111	0.0360679626464844	0.185003773919467	post_vs_bd
112	0.275341033935547	0.606549201184996	post_vs_bd
113	0.257926940917969	0.597146030529928	post_vs_bd
114	0.0545730590820312	0.245992198134914	post_vs_bd
115	0.352458953857422	0.674318577315646	post_vs_bd
116	3.814697265625e-06	0.000378290812174479	post_vs_bd
117	0.113376617431641	0.378983636920372	post_vs_bd
118	0.312408447265625	0.645427174038357	post_vs_bd
120	0.113376617431641	0.378983636920372	post_vs_bd
121	0.257926940917969	0.597146030529928	post_vs_bd
122	3.814697265625e-06	0.000378290812174479	post_vs_bd
124	0.113376617431641	0.378983636920372	post_vs_bd
125	0.241252899169922	0.58115576925548	post_vs_bd
126	0.70855712890625	0.904702771886735	post_vs_bd
129	1.1444091796875e-05	0.000523787278395433	post_vs_bd
130	5.340576171875e-05	0.00138158383576766	post_vs_bd
132	0.859573364257812	0.969216946565844	post_vs_bd
133	0.622562408447266	0.858427222006232	post_vs_bd
134	0.0955123901367188	0.355186700820923	post_vs_bd
135	0.352458953857422	0.674318577315646	post_vs_bd
137	0.828784942626953	0.957528234685509	post_vs_bd
138	0.155131568727114	0.458421378300108	post_vs_bd
140	0.0874290466308594	0.333463350931803	post_vs_bd
141	0.952983856201172	1	post_vs_bd
144	0.144687652587891	0.443758522112345	post_vs_bd
147	0.232966059706807	0.577325277448446	post_vs_bd
165	0.276252475989205	0.606549201184996	post_vs_bd
167	0.225322723388672	0.56094987621866	post_vs_bd
170	1.9073486328125e-05	0.000630484686957465	post_vs_bd
171	0.00457763671875	0.0394738238790761	post_vs_bd
172	0.00897456988845386	0.0721603930220277	post_vs_bd
173	1.9073486328125e-05	0.000630484686957465	post_vs_bd
174	0.0204124450683594	0.13059575070617	post_vs_bd
175	0.443231075591052	0.742880253455426	post_vs_bd
176	0.000164031982421875	0.00314835579164567	post_vs_bd
177	0.000644683837890625	0.00827411021090352	post_vs_bd
178	0.0294393382970782	0.163719291179959	post_vs_bd
179	0.00306219875895581	0.0280308963319801	post_vs_bd
180	5.340576171875e-05	0.00138158383576766	post_vs_bd
181	0.000209808349609375	0.00374661045230532	post_vs_bd
182	0.131904094905011	0.427444211898311	post_vs_bd
183	0.000335693359375	0.00512147561097756	post_vs_bd
184	0.0258216857910156	0.153639030456543	post_vs_bd
185	0.395462036132812	0.710875865555962	post_vs_bd
186	0.293498992919922	0.635025093772195	post_vs_bd
187	0.861707167619045	0.969216946565844	post_vs_bd
188	0.0180816650390625	0.119539896647135	post_vs_bd
189	0.352458953857422	0.674318577315646	post_vs_bd
190	0.793859521195975	0.946160207005303	post_vs_bd
191	1.9073486328125e-05	0.000630484686957465	post_vs_bd
192	0.395462036132812	0.710875865555962	post_vs_bd
193	0.70855712890625	0.904702771886735	post_vs_bd
194	0.064910217801352	0.281362810042469	post_vs_bd
197	0.515277862548828	0.784118486487347	post_vs_bd
198	0.567760467529297	0.823945068731541	post_vs_bd
200	0.395462036132812	0.710875865555962	post_vs_bd
201	0.312408447265625	0.645427174038357	post_vs_bd
204	0.104156494140625	0.371096491099832	post_vs_bd
206	0.465316772460938	0.756457594574475	post_vs_bd
207	0.37359619140625	0.692491382824669	post_vs_bd
208	0.738090515136719	0.924555487381785	post_vs_bd
209	0.312408447265625	0.645427174038357	post_vs_bd
210	0.225322723388672	0.56094987621866	post_vs_bd
211	0.000522613525390625	0.00706716017289595	post_vs_bd
213	0.241252899169922	0.58115576925548	post_vs_bd
214	0.0159721374511719	0.110504904458689	post_vs_bd
215	0.257926940917969	0.597146030529928	post_vs_bd
216	0.515277862548828	0.784118486487347	post_vs_bd
217	0.441333770751953	0.741789812422068	post_vs_bd
218	0.567760467529297	0.823945068731541	post_vs_bd
219	0.346373280006178	0.674318577315646	post_vs_bd
220	0.275341033935547	0.606549201184996	post_vs_bd
222	0.571288673599928	0.827048079785784	post_vs_bd
224	0.489967346191406	0.771244896782769	post_vs_bd
225	0.76800537109375	0.946093573086504	post_vs_bd
229	0.00041961669921875	0.00594456990559896	post_vs_bd
230	9.5367431640625e-05	0.00202655792236328	post_vs_bd
231	7.2479248046875e-05	0.00159722787362558	post_vs_bd
234	0.257926940917969	0.597146030529928	post_vs_bd
235	0.000335693359375	0.00512147561097756	post_vs_bd
237	0.594886779785156	0.834805740500396	post_vs_bd
239	0.738090515136719	0.924555487381785	post_vs_bd
240	0.828784942626953	0.957528234685509	post_vs_bd
243	0.650749206542969	0.872062562822222	post_vs_bd
245	0.921714782714844	0.993515028469804	post_vs_bd
246	0.541217803955078	0.80707918133652	post_vs_bd
247	0.828784942626953	0.957528234685509	post_vs_bd
248	0.395462036132812	0.710875865555962	post_vs_bd
250	0.00416598707432528	0.0364523869003462	post_vs_bd
251	0.76800537109375	0.946093573086504	post_vs_bd
254	0.70855712890625	0.904702771886735	post_vs_bd
255	0.887068694211825	0.975852355114004	post_vs_bd
256	0.738090515136719	0.924555487381785	post_vs_bd
257	0.0874290466308594	0.333463350931803	post_vs_bd
265	0.181865692138672	0.512844013376824	post_vs_bd
266	0.210117340087891	0.545938067040589	post_vs_bd
267	0.984321594238281	1	post_vs_bd
268	0.650749206542969	0.872062562822222	post_vs_bd
269	0.589638551626567	0.834805740500396	post_vs_bd
273	0.0360679626464844	0.185003773919467	post_vs_bd
274	0.859573364257812	0.969216946565844	post_vs_bd
275	0.58716968573231	0.834805740500396	post_vs_bd
276	0.210117340087891	0.545938067040589	post_vs_bd
278	0.257926940917969	0.597146030529928	post_vs_bd
279	0.465316772460938	0.756457594574475	post_vs_bd
280	0.465316772460938	0.756457594574475	post_vs_bd
281	0.515277862548828	0.784118486487347	post_vs_bd
282	0.312408447265625	0.645427174038357	post_vs_bd
283	0.859573364257812	0.969216946565844	post_vs_bd
284	0.921714782714844	0.993515028469804	post_vs_bd
285	0.952983856201172	1	post_vs_bd
287	0.650749206542969	0.872062562822222	post_vs_bd
288	0.70855712890625	0.904702771886735	post_vs_bd
291	0.984321594238281	1	post_vs_bd
292	0.70855712890625	0.904702771886735	post_vs_bd
293	0.0406711730279861	0.199994611170676	post_vs_bd
295	0.485924404659121	0.771244896782769	post_vs_bd
296	0.275341033935547	0.606549201184996	post_vs_bd
297	0.000214092025846018	0.00374661045230532	post_vs_bd
298	1	1	post_vs_bd
299	0.195538859103995	0.52670405461238	post_vs_bd
300	0.0167287003897047	0.114408927952578	post_vs_bd
301	3.814697265625e-05	0.00113487243652344	post_vs_bd
303	0.000321048400688444	0.00512147561097756	post_vs_bd
304	0.418041229248047	0.730213721116885	post_vs_bd
306	0.275341033935547	0.606549201184996	post_vs_bd
307	0.000965118408203125	0.0110431817861704	post_vs_bd
308	0.104156494140625	0.371096491099832	post_vs_bd
312	0.0545730590820312	0.245992198134914	post_vs_bd
313	0.0602073669433594	0.263407230377197	post_vs_bd
314	0.828784942626953	0.957528234685509	post_vs_bd
315	0.113376617431641	0.378983636920372	post_vs_bd
316	0.890567779541016	0.975852355114004	post_vs_bd
317	0.921714782714844	0.993515028469804	post_vs_bd
318	0.930591460030879	1	post_vs_bd
320	0.225322723388672	0.56094987621866	post_vs_bd
321	0.567760467529297	0.823945068731541	post_vs_bd
324	0.441333770751953	0.741789812422068	post_vs_bd
325	0.244293641331777	0.58610772819519	post_vs_bd
331	0.513591682337011	0.784118486487347	post_vs_bd
332	0.594886779785156	0.834805740500396	post_vs_bd
333	0.736790181087775	0.924555487381785	post_vs_bd
334	0.257926940917969	0.597146030529928	post_vs_bd
335	3.814697265625e-06	0.000378290812174479	post_vs_bd
336	1.1444091796875e-05	0.000523787278395433	post_vs_bd
337	0.887068694211825	0.975852355114004	post_vs_bd
338	0.433095033362903	0.741789812422068	post_vs_bd
339	0.515277862548828	0.784118486487347	post_vs_bd
340	0.0979420425838625	0.359725403317273	post_vs_bd
341	0.465316772460938	0.756457594574475	post_vs_bd
342	1	1	post_vs_bd
344	0.275341033935547	0.606549201184996	post_vs_bd
345	0.594886779785156	0.834805740500396	post_vs_bd
346	0.00151573918299473	0.0150310802313644	post_vs_bd
347	0.241252899169922	0.58115576925548	post_vs_bd
350	0.798252105712891	0.946160207005303	post_vs_bd
352	0.295926599541194	0.637104065278735	post_vs_bd
354	0.0955123901367188	0.355186700820923	post_vs_bd
356	0.00592153702414871	0.0496241483009645	post_vs_bd
357	0.000164031982421875	0.00314835579164567	post_vs_bd
358	0.210117340087891	0.545938067040589	post_vs_bd
360	0.859573364257812	0.969216946565844	post_vs_bd
361	0.465316772460938	0.756457594574475	post_vs_bd
362	0.952983856201172	1	post_vs_bd
364	0.727537666179043	0.924555487381785	post_vs_bd
366	0.541217803955078	0.80707918133652	post_vs_bd
367	0.169812945433066	0.488109674070889	post_vs_bd
368	0.670076541385612	0.888482900766226	post_vs_bd
371	0.541217803955078	0.80707918133652	post_vs_bd
372	0.650749206542969	0.872062562822222	post_vs_bd
375	0.0545730590820312	0.245992198134914	post_vs_bd
376	0.828784942626953	0.957528234685509	post_vs_bd
377	0.000653585176323472	0.00827411021090352	post_vs_bd
378	0.00038470759403593	0.00572252546128446	post_vs_bd
379	0.921714782714844	0.993515028469804	post_vs_bd
380	0.828784942626953	0.957528234685509	post_vs_bd
381	0.00202178955078125	0.0190946790907118	post_vs_bd
382	0.0979420425838625	0.359725403317273	post_vs_bd
383	0.70855712890625	0.904702771886735	post_vs_bd
384	0.679428100585938	0.888482900766226	post_vs_bd
386	0.187311701267768	0.518374243043358	post_vs_bd
387	0.338008390645332	0.674318577315646	post_vs_bd
388	0.0323410034179688	0.173359432735959	post_vs_bd
389	0.890567779541016	0.975852355114004	post_vs_bd
392	0.489967346191406	0.771244896782769	post_vs_bd
395	0.132298661876269	0.427444211898311	post_vs_bd
396	0.0229873657226562	0.142473777135213	post_vs_bd
397	0.210117340087891	0.545938067040589	post_vs_bd
398	0.225322723388672	0.56094987621866	post_vs_bd
399	0.0662879943847656	0.281723976135254	post_vs_bd
400	0.952983856201172	1	post_vs_bd
401	0.76800537109375	0.946093573086504	post_vs_bd
402	0.133621215820312	0.427444211898311	post_vs_bd
403	0.441333770751953	0.741789812422068	post_vs_bd
404	0.890567779541016	0.975852355114004	post_vs_bd
405	0.0874290466308594	0.333463350931803	post_vs_bd
406	0.343759999660369	0.674318577315646	post_vs_bd
407	0.622562408447266	0.858427222006232	post_vs_bd
408	0.0451433426811758	0.214882311162397	post_vs_bd
409	0.37359619140625	0.692491382824669	post_vs_bd
410	0.113376617431641	0.378983636920372	post_vs_bd
411	0.984321594238281	1	post_vs_bd
413	0.76800537109375	0.946093573086504	post_vs_bd
419	0.040130615234375	0.198980967203776	post_vs_bd
420	0.861707167619045	0.969216946565844	post_vs_bd
421	0.890567779541016	0.975852355114004	post_vs_bd
422	0.567760467529297	0.823945068731541	post_vs_bd
423	0.104156494140625	0.371096491099832	post_vs_bd
424	0.113376617431641	0.378983636920372	post_vs_bd
427	0.890567779541016	0.975852355114004	post_vs_bd
428	0.921714782714844	0.993515028469804	post_vs_bd
429	0.312408447265625	0.645427174038357	post_vs_bd
430	0.890567779541016	0.975852355114004	post_vs_bd
431	0.275341033935547	0.606549201184996	post_vs_bd
432	0.104156494140625	0.371096491099832	post_vs_bd
433	0.890567779541016	0.975852355114004	post_vs_bd
434	0.489967346191406	0.771244896782769	post_vs_bd
435	0.0159721374511719	0.110504904458689	post_vs_bd
436	0.156402587890625	0.458421378300108	post_vs_bd
437	0.594886779785156	0.834805740500396	post_vs_bd
438	0.738090515136719	0.924555487381785	post_vs_bd
439	0.798252105712891	0.946160207005303	post_vs_bd
440	0.594886779785156	0.834805740500396	post_vs_bd
441	0.441333770751953	0.741789812422068	post_vs_bd
442	0.0180816650390625	0.119539896647135	post_vs_bd
443	0.275341033935547	0.606549201184996	post_vs_bd
444	0.332065582275391	0.672037487938291	post_vs_bd
445	0.37359619140625	0.692491382824669	post_vs_bd
446	0.210117340087891	0.545938067040589	post_vs_bd
447	0.650749206542969	0.872062562822222	post_vs_bd
448	0.650749206542969	0.872062562822222	post_vs_bd
452	0.798252105712891	0.946160207005303	post_vs_bd
454	0.206603442668125	0.545938067040589	post_vs_bd
456	0.332065582275391	0.672037487938291	post_vs_bd
457	0.144687652587891	0.443758522112345	post_vs_bd
458	0.890567779541016	0.975852355114004	post_vs_bd
459	0.275341033935547	0.606549201184996	post_vs_bd
460	0.441333770751953	0.741789812422068	post_vs_bd
461	0.293498992919922	0.635025093772195	post_vs_bd
462	0.014068603515625	0.0996526082356771	post_vs_bd
463	0.418041229248047	0.730213721116885	post_vs_bd
464	0.679428100585938	0.888482900766226	post_vs_bd
465	0.41849223344682	0.730213721116885	post_vs_bd
466	0.921714782714844	0.993515028469804	post_vs_bd
467	0.465316772460938	0.756457594574475	post_vs_bd
468	0.76800537109375	0.946093573086504	post_vs_bd
469	0.828784942626953	0.957528234685509	post_vs_bd
470	0.225322723388672	0.56094987621866	post_vs_bd
471	0.0289306640625	0.163719291179959	post_vs_bd
472	0.738090515136719	0.924555487381785	post_vs_bd
473	0.441333770751953	0.741789812422068	post_vs_bd
474	0.040130615234375	0.198980967203776	post_vs_bd
475	0.0728340148925781	0.296823553843041	post_vs_bd
476	0.679428100585938	0.888482900766226	post_vs_bd
477	0.113376617431641	0.378983636920372	post_vs_bd
478	0.70855712890625	0.904702771886735	post_vs_bd
479	0.225322723388672	0.56094987621866	post_vs_bd
480	0.890567779541016	0.975852355114004	post_vs_bd
481	0.567760467529297	0.823945068731541	post_vs_bd
482	0.0258216857910156	0.153639030456543	post_vs_bd
483	0.156402587890625	0.458421378300108	post_vs_bd
484	0.0798759460449219	0.318967704004889	post_vs_bd
485	0.663196958194977	0.886746494665194	post_vs_bd
486	0.144687652587891	0.443758522112345	post_vs_bd
490	0.168792724609375	0.487532384187272	post_vs_bd
501	0.441333770751953	0.741789812422068	post_vs_bd
502	0.622562408447266	0.858427222006232	post_vs_bd
503	0.887068694211825	0.975852355114004	post_vs_bd
505	0.567760467529297	0.823945068731541	post_vs_bd
506	0.828784942626953	0.957528234685509	post_vs_bd
508	0.738090515136719	0.924555487381785	post_vs_bd
509	0.541217803955078	0.80707918133652	post_vs_bd
510	0.418041229248047	0.730213721116885	post_vs_bd
514	7.62939453125e-06	0.000453948974609375	post_vs_bd
515	0.00714492797851562	0.058236056811189	post_vs_bd
516	0.037262463883204	0.189497145388944	post_vs_bd
518	0.00141143798828125	0.0142339932716499	post_vs_bd
520	0.332065582275391	0.672037487938291	post_vs_bd
521	0.859573364257812	0.969216946565844	post_vs_bd
522	1	1	post_vs_bd
524	0.00117111206054688	0.0122247662460595	post_vs_bd
525	0.012359619140625	0.0896826023008765	post_vs_bd
526	0.187311701267768	0.518374243043358	post_vs_bd
527	0.393551348400737	0.710875865555962	post_vs_bd
528	0.378674693023085	0.699724976238309	post_vs_bd
529	0.446872820710831	0.744788034518051	post_vs_bd
530	0.623261445221332	0.858427222006232	post_vs_bd
531	0.789268026134281	0.946160207005303	post_vs_bd
532	0.0728340148925781	0.296823553843041	post_vs_bd
533	0.37359619140625	0.692491382824669	post_vs_bd
534	0.0287678605974676	0.163719291179959	post_vs_bd
535	0.000522613525390625	0.00706716017289595	post_vs_bd
536	0.789268026134281	0.946160207005303	post_vs_bd
538	0.855132140584706	0.969216946565844	post_vs_bd
540	0.234811289315166	0.577325277448446	post_vs_bd
541	0.801732212656982	0.948371106423268	post_vs_bd
542	0.234811289315166	0.577325277448446	post_vs_bd
545	0.224306571197272	0.56094987621866	post_vs_bd
546	0.984321594238281	1	post_vs_bd
547	0.352458953857422	0.674318577315646	post_vs_bd
548	0.156402587890625	0.458421378300108	post_vs_bd
551	0.698152376218751	0.904702771886735	post_vs_bd
552	0.241252899169922	0.58115576925548	post_vs_bd
553	0.276260224405267	0.606549201184996	post_vs_bd
554	0.650749206542969	0.872062562822222	post_vs_bd
555	0.952983856201172	1	post_vs_bd
556	0.0411023185915017	0.200458029196258	post_vs_bd
557	0.861707167619045	0.969216946565844	post_vs_bd
558	0.352458953857422	0.674318577315646	post_vs_bd
559	0.650749206542969	0.872062562822222	post_vs_bd
560	0.859573364257812	0.969216946565844	post_vs_bd
561	0.293498992919922	0.635025093772195	post_vs_bd
564	0.297672151508384	0.637104065278735	post_vs_bd
565	0.210117340087891	0.545938067040589	post_vs_bd
566	0.567760467529297	0.823945068731541	post_vs_bd
567	0.332065582275391	0.672037487938291	post_vs_bd
569	0.312408447265625	0.645427174038357	post_vs_bd
570	0.195632934570312	0.52670405461238	post_vs_bd
571	0.76800537109375	0.946093573086504	post_vs_bd
572	0.00532913208007812	0.0452976226806641	post_vs_bd
573	0.890567779541016	0.975852355114004	post_vs_bd
574	0.144687652587891	0.443758522112345	post_vs_bd
575	0.650749206542969	0.872062562822222	post_vs_bd
576	0.489967346191406	0.771244896782769	post_vs_bd
577	0.395462036132812	0.710875865555962	post_vs_bd
578	0.622562408447266	0.858427222006232	post_vs_bd
579	0.104156494140625	0.371096491099832	post_vs_bd
580	0.859573364257812	0.969216946565844	post_vs_bd
581	0.96526282458649	1	post_vs_bd
582	0.395462036132812	0.710875865555962	post_vs_bd
583	0.798252105712891	0.946160207005303	post_vs_bd
584	0.515277862548828	0.784118486487347	post_vs_bd
586	0.798252105712891	0.946160207005303	post_vs_bd
587	0.37359619140625	0.692491382824669	post_vs_bd
589	0.395462036132812	0.710875865555962	post_vs_bd
590	0.952983856201172	1	post_vs_bd
594	1	1	post_vs_bd
595	0.861707167619045	0.969216946565844	post_vs_bd
596	0.00693140429335888	0.0572803549242852	post_vs_bd
597	0.0108261108398438	0.081538429743127	post_vs_bd
598	0.338008390645332	0.674318577315646	post_vs_bd
600	0.484641678788314	0.771244896782769	post_vs_bd
601	0.395462036132812	0.710875865555962	post_vs_bd
602	0.00108951444578404	0.0120048350970649	post_vs_bd
603	0.000300719385520916	0.00511222955385558	post_vs_bd
604	0.0023768350959738	0.0220971387828815	post_vs_bd
605	7.62939453125e-06	0.000453948974609375	post_vs_bd
606	0.622562408447266	0.858427222006232	post_vs_bd
607	0.81600255390599	0.957528234685509	post_vs_bd
608	0.921714782714844	0.993515028469804	post_vs_bd
609	0.00391769409179688	0.0347914624570021	post_vs_bd
610	0.156402587890625	0.458421378300108	post_vs_bd
611	0.105645429201877	0.371946925296549	post_vs_bd
612	1	1	post_vs_bd
613	1.9073486328125e-05	0.000630484686957465	post_vs_bd
614	0.541217803955078	0.80707918133652	post_vs_bd
615	0.0258216857910156	0.153639030456543	post_vs_bd
616	0.181865692138672	0.512844013376824	post_vs_bd
617	0.0662879943847656	0.281723976135254	post_vs_bd
618	0.210117340087891	0.545938067040589	post_vs_bd
619	0.0229873657226562	0.142473777135213	post_vs_bd
620	0.00041961669921875	0.00594456990559896	post_vs_bd
621	0.0874290466308594	0.333463350931803	post_vs_bd
622	5.340576171875e-05	0.00138158383576766	post_vs_bd
623	0.0934924836898357	0.354318648378677	post_vs_bd
624	1	1	post_vs_bd
625	0.952983856201172	1	post_vs_bd
626	0.123534253752569	0.403861983421862	post_vs_bd
628	7.2479248046875e-05	0.00159722787362558	post_vs_bd
630	7.2479248046875e-05	0.00159722787362558	post_vs_bd
631	0.00108951444578404	0.0120048350970649	post_vs_bd
633	0.00178219521734299	0.0171033250696626	post_vs_bd
634	0.000209808349609375	0.00374661045230532	post_vs_bd
635	0.921714782714844	0.993515028469804	post_vs_bd
636	0.0728340148925781	0.296823553843041	post_vs_bd
637	0.0033416748046875	0.0301257046786222	post_vs_bd
638	0.422678074170635	0.733515986697954	post_vs_bd
639	7.2479248046875e-05	0.00159722787362558	post_vs_bd
640	0.0652572567829591	0.281362810042469	post_vs_bd
641	0.123188018798828	0.403861983421862	post_vs_bd
642	0.0445533169117585	0.213813627919843	post_vs_bd
645	0.000789642333984375	0.00949998143322362	post_vs_bd
646	1	1	post_vs_bd
648	0.000798317767497783	0.00949998143322362	post_vs_bd
649	0.012359619140625	0.0896826023008765	post_vs_bd
651	0.679428100585938	0.888482900766226	post_vs_bd
652	0.352458953857422	0.674318577315646	post_vs_bd
653	0.0012864240407736	0.0131969362803498	post_vs_bd
654	0.0108261108398438	0.081538429743127	post_vs_bd
656	0.984321594238281	1	post_vs_bd
657	0.176996409037473	0.503889298455964	post_vs_bd
659	0.0180816650390625	0.119539896647135	post_vs_bd
661	0.000965118408203125	0.0110431817861704	post_vs_bd
662	0.798272981372542	0.946160207005303	post_vs_bd
663	0.275341033935547	0.606549201184996	post_vs_bd
664	0.515277862548828	0.784118486487347	post_vs_bd
665	0.76800537109375	0.946093573086504	post_vs_bd
666	0.00945281982421875	0.0740056288869757	post_vs_bd
667	0.567760467529297	0.823945068731541	post_vs_bd
668	0.441333770751953	0.741789812422068	post_vs_bd
669	0.828784942626953	0.957528234685509	post_vs_bd
670	0.352458953857422	0.674318577315646	post_vs_bd
671	0.195632934570312	0.52670405461238	post_vs_bd
672	0.0323410034179688	0.173359432735959	post_vs_bd
673	0.828784942626953	0.957528234685509	post_vs_bd
674	0.332065582275391	0.672037487938291	post_vs_bd
675	0.541217803955078	0.80707918133652	post_vs_bd
677	0.441333770751953	0.741789812422068	post_vs_bd
678	0.014068603515625	0.0996526082356771	post_vs_bd
679	0.798252105712891	0.946160207005303	post_vs_bd
680	0.679428100585938	0.888482900766226	post_vs_bd
681	0.0728340148925781	0.296823553843041	post_vs_bd
682	0.0545730590820312	0.245992198134914	post_vs_bd
683	0.489967346191406	0.771244896782769	post_vs_bd
684	0.984321594238281	1	post_vs_bd
685	0.0360679626464844	0.185003773919467	post_vs_bd
687	0.984321594238281	1	post_vs_bd
688	0.650749206542969	0.872062562822222	post_vs_bd
689	0.176996409037473	0.503889298455964	post_vs_bd
690	0.984321594238281	1	post_vs_bd
691	0.446872820710831	0.744788034518051	post_vs_bd
692	0.890567779541016	0.975852355114004	post_vs_bd
693	1	1	post_vs_bd
696	0.00922514613907298	0.073186159369979	post_vs_bd
697	0.798252105712891	0.946160207005303	post_vs_bd
698	0.0493659973144531	0.231281640961414	post_vs_bd
699	0.195632934570312	0.52670405461238	post_vs_bd
700	0.360423995448255	0.68734704260164	post_vs_bd
701	0.352458953857422	0.674318577315646	post_vs_bd
702	0.541217803955078	0.80707918133652	post_vs_bd
703	0.113376617431641	0.378983636920372	post_vs_bd
706	0.00117111206054688	0.0122247662460595	post_vs_bd
707	0.679428100585938	0.888482900766226	post_vs_bd
709	0.0955123901367188	0.355186700820923	post_vs_bd
711	0.352458953857422	0.674318577315646	post_vs_bd
712	0.798252105712891	0.946160207005303	post_vs_bd
713	0.241252899169922	0.58115576925548	post_vs_bd
715	0.798252105712891	0.946160207005303	post_vs_bd
717	0.594886779785156	0.834805740500396	post_vs_bd
718	0.0244914162366539	0.15023085217329	post_vs_bd
719	0.418041229248047	0.730213721116885	post_vs_bd
720	0.422850392331762	0.733515986697954	post_vs_bd
721	0.650749206542969	0.872062562822222	post_vs_bd
722	0.984321594238281	1	post_vs_bd
723	0.45908398187669	0.756457594574475	post_vs_bd
724	0.297672151508384	0.637104065278735	post_vs_bd
726	0.70855712890625	0.904702771886735	post_vs_bd
728	1	1	post_vs_bd
730	0.000789642333984375	0.00949998143322362	post_vs_bd
731	0.000644683837890625	0.00827411021090352	post_vs_bd
732	0.308063229907199	0.645427174038357	post_vs_bd
733	0.156402587890625	0.458421378300108	post_vs_bd
734	0.679428100585938	0.888482900766226	post_vs_bd
735	0.70855712890625	0.904702771886735	post_vs_bd
736	1	1	post_vs_bd
737	1	1	post_vs_bd
738	0.0209897470725275	0.132860633065467	post_vs_bd
739	0.352458953857422	0.674318577315646	post_vs_bd
740	0.0294419565651354	0.163719291179959	post_vs_bd
741	0.798252105712891	0.946160207005303	post_vs_bd
742	0.622562408447266	0.858427222006232	post_vs_bd
743	0.401678166469773	0.717713240388934	post_vs_bd
744	0.116551957746077	0.387421312060984	post_vs_bd
745	0.672603817441517	0.888482900766226	post_vs_bd
746	1	1	post_vs_bd
747	1	1	post_vs_bd
749	0.0559296803251122	0.250211727770239	post_vs_bd
750	0.96526282458649	1	post_vs_bd
752	0.225322723388672	0.56094987621866	post_vs_bd
753	0.00175772455515404	0.0171033250696626	post_vs_bd
754	0.489967346191406	0.771244896782769	post_vs_bd
755	0.798252105712891	0.946160207005303	post_vs_bd
756	0.489967346191406	0.771244896782769	post_vs_bd
757	0.275341033935547	0.606549201184996	post_vs_bd
758	0.123188018798828	0.403861983421862	post_vs_bd
759	0.594886779785156	0.834805740500396	post_vs_bd
760	0.515277862548828	0.784118486487347	post_vs_bd
761	0.144687652587891	0.443758522112345	post_vs_bd
763	0.275341033935547	0.606549201184996	post_vs_bd
764	0.594886779785156	0.834805740500396	post_vs_bd
766	0.0360679626464844	0.185003773919467	post_vs_bd
767	0.0360679626464844	0.185003773919467	post_vs_bd
768	0.921714782714844	0.993515028469804	post_vs_bd
770	0.105513715289701	0.371946925296549	post_vs_bd
771	0.040130615234375	0.198980967203776	post_vs_bd
772	0.0289306640625	0.163719291179959	post_vs_bd
773	0.37359619140625	0.692491382824669	post_vs_bd
774	0.168792724609375	0.487532384187272	post_vs_bd
775	0.312408447265625	0.645427174038357	post_vs_bd
776	0.952983856201172	1	post_vs_bd
777	0.418041229248047	0.730213721116885	post_vs_bd
778	0.218401125676539	0.56094987621866	post_vs_bd
779	0.594886779785156	0.834805740500396	post_vs_bd
780	NA	NA	post_vs_bd
781	0.108319380730004	0.378983636920372	post_vs_bd
782	0.371093369522698	0.692491382824669	post_vs_bd
783	0.489967346191406	0.771244896782769	post_vs_bd
784	NA	NA	post_vs_bd
785	0.401678166469773	0.717713240388934	post_vs_bd
787	1	1	post_vs_bd
788	1	1	post_vs_bd
790	0.346373280006178	0.674318577315646	post_vs_bd
791	NA	NA	post_vs_bd
